,x,y,z
0,0.693963,4.109136,-1.224601
1,-0.015698,4.924030999999999,-2.994236
2,-1.8335700000000001,2.390861,-2.2324319999999997
3,-2.8221939999999996,1.08827,0.42540900000000004
4,-4.1453809999999995,2.344929,0.066316
5,-3.8050650000000004,3.788568,-1.340005
6,-4.084559,2.138645,-3.0073380000000003
7,-3.958053,-0.152143,-3.537629
8,-4.19687,1.1380629999999998,-2.040099
9,-3.513332,0.101128,-2.526446
10,-2.1893849999999997,-0.265844,-1.6813779999999998
11,-0.996813,0.690988,-0.9051549999999999
12,1.3719379999999999,0.90496,-0.25863200000000003
13,1.782168,0.5979359999999999,0.506269
14,2.804222,-0.590857,1.469922
15,3.308411,-2.525394,1.298598
16,3.767976,-3.6015870000000003,1.2326840000000001
17,4.55539,-3.4399300000000004,1.1493149999999999
18,5.909795,-3.5595980000000003,1.396074
19,8.572897,-3.745793,1.427733
20,6.306614,-4.176931,1.985023
21,4.93506,-0.327577,1.448149
22,3.737521,-0.871224,1.2439280000000001
23,2.132559,-2.280698,1.331732
24,0.053552999999999996,-3.4977440000000004,1.9265869999999998
25,-2.639332,-3.806745,1.615481
26,-3.5889339999999996,-1.0080129999999998,1.576419
27,-3.8749849999999997,0.478245,0.710462
28,-1.6611939999999998,0.380994,-0.330422
29,-0.010604,-0.516505,-0.29531
30,-0.062291,1.123016,0.26625
31,-0.515791,2.963434,0.22119899999999998
32,-0.608982,4.310137999999999,-0.012981999999999999
33,-1.165209,4.818565,-0.13609100000000002
34,-1.5894700000000002,6.655977,-0.51956
35,0.879043,3.7696440000000004,-1.201508
36,0.661413,2.990438,-4.614999
37,-1.754466,4.418411,0.010925
38,-3.973957,3.3740419999999998,0.7017869999999999
39,-4.512289,1.891857,-1.129939
40,-3.71443,2.3068299999999997,-3.295524
41,-4.309293,-0.285988,-3.860378
42,-4.350083000000001,-1.146622,-2.5221459999999998
43,-4.488069,-0.425415,-2.672517
44,-2.260455,-0.48284499999999997,-2.2306630000000003
45,-0.866791,0.9915200000000001,-1.048842
46,1.2875459999999999,0.5529029999999999,-0.588851
47,1.7886009999999999,0.291421,0.429795
48,2.8862,0.226411,1.614725
49,3.407133,-1.810114,1.891234
50,4.184316,-2.670403,1.637119
51,4.999821,-2.6652310000000003,2.033778
52,7.121942999999999,-3.615216,2.2645310000000003
53,7.698988000000001,-5.96978,1.8410849999999999
54,5.934929,-3.5456879999999997,0.560882
55,4.64841,-1.098686,0.594694
56,3.2971199999999996,-1.226944,1.0725280000000001
57,1.6472900000000001,-1.957381,1.617416
58,-0.9483280000000001,-2.029738,1.981801
59,-2.626793,-2.121852,1.697799
60,-3.6644330000000003,0.270327,1.373428
61,-2.579554,0.465135,-0.06348
62,-1.18718,-0.74566,-0.576699
63,-1.029781,0.095675,0.143304
64,-1.2086059999999998,2.5001349999999998,0.796998
65,-0.650857,4.221357,0.9119200000000001
66,-0.074264,3.9546349999999997,0.7795569999999999
67,-0.219377,4.329441,0.681923
68,-0.20855500000000002,5.205166,-0.142723
69,2.8819630000000003,0.331246,-1.151065
70,-2.956198,4.0936,-1.899556
71,-3.756942,4.096737999999999,0.138355
72,-4.51354,0.911658,-1.358359
73,-4.18387,0.23868000000000003,-2.5110099999999997
74,-4.676998,-0.537633,-3.4823370000000002
75,-4.894103,-1.642995,-2.328757
76,-4.327866,-0.930422,-2.26269
77,-2.0021869999999997,0.935408,-2.014895
78,-1.4103620000000001,1.423271,-1.454843
79,0.669975,1.5656709999999998,-1.040979
80,0.727643,0.42273999999999995,-0.054211
81,1.389066,-0.26604,1.654037
82,3.037383,-1.0604120000000001,2.5403740000000004
83,3.783351,-2.495793,2.007972
84,4.392976999999999,-3.121284,1.523786
85,5.907532,-3.772967,1.210461
86,7.592117,-6.277589,0.855833
87,6.637617,-4.059663,0.612383
88,5.548277,1.259213,0.23689899999999997
89,3.9435879999999996,1.150554,1.094294
90,2.813212,0.64515,1.656408
91,0.5907180000000001,-1.937893,2.187919
92,-1.341053,-2.0316549999999998,2.0025619999999997
93,-2.5243849999999997,-1.379953,1.492465
94,-2.717077,-0.073909,0.325083
95,-1.543369,-0.782701,-1.127138
96,-1.126149,-0.955973,-1.3141450000000001
97,-1.793325,1.09851,-0.362174
98,-2.436944,3.9840519999999997,-0.26461399999999996
99,-2.237176,5.224419,-0.268013
100,-0.573944,3.4955589999999996,0.399572
101,1.155182,2.823412,0.754343
102,-0.45509399999999994,5.942172,0.378039
103,2.17791,0.478071,-1.027984
104,-2.349689,1.1789040000000002,-1.6010280000000001
105,-2.8195639999999997,4.020445,1.3531600000000001
106,-4.1538900000000005,1.767687,-0.758739
107,-3.753624,-0.281059,-2.38022
108,-4.003353,0.233891,-2.801367
109,-3.7775199999999995,-0.761037,-3.006818
110,-4.298724,-0.289704,-2.409654
111,-2.662173,0.626139,-2.4228970000000003
112,-1.5411489999999999,1.611915,-1.364131
113,0.786708,1.642053,-1.062694
114,1.3722159999999999,0.8776209999999999,-0.348326
115,1.571602,-0.0040030000000000005,0.703191
116,2.411105,-1.475442,1.645634
117,3.4052260000000003,-2.950048,1.649127
118,3.958025,-4.090915,1.425851
119,4.892052,-4.5157739999999995,1.368826
120,6.566087,-4.801507,1.3093139999999999
121,8.155678,-5.384278,0.747529
122,5.667087,-2.27628,0.892806
123,3.9828059999999996,0.33226300000000003,0.567915
124,3.048134,0.12133599999999999,0.8458030000000001
125,1.748837,-0.590583,1.5170290000000002
126,-1.234105,-2.323244,2.367946
127,-2.653352,-1.7185869999999999,1.83917
128,-3.124299,-0.21298699999999998,0.82555
129,-2.5624740000000004,-0.311571,-0.84644
130,-1.444885,-0.548375,-1.203662
131,-1.280713,0.387587,-0.710196
132,-1.2236120000000001,1.8687189999999998,-0.061148
133,-0.332785,3.112798,0.0065049999999999995
134,0.551754,3.186416,0.542428
135,0.5567350000000001,4.585001,0.8344309999999999
136,0.340545,3.8784099999999997,0.035865
137,1.047188,3.397222,-1.719012
138,-1.327483,5.104088,-2.9288540000000003
139,-3.6375559999999996,3.9693160000000005,-1.3978190000000001
140,-4.654433,2.6214470000000003,-1.773868
141,-4.102975,1.3740219999999999,-2.520445
142,-4.804382,0.09563300000000001,-3.228733
143,-5.290493,-2.7109669999999997,-1.8441169999999998
144,-5.295869000000001,-0.9430569999999999,-1.7278470000000001
145,-3.426329,-0.772266,-2.1027720000000003
146,-1.945589,0.155014,-1.378976
147,-0.395094,1.488453,-1.053661
148,1.0797299999999999,1.235726,-0.670226
149,1.515685,0.861034,0.477365
150,2.624416,0.5007050000000001,1.977877
151,3.2754529999999997,-1.343437,1.9837200000000001
152,4.008705,-2.264328,1.471934
153,4.829643,-3.3102139999999998,1.505714
154,7.478115,-5.032716000000001,1.5947870000000002
155,7.734127,-6.035963,1.312646
156,5.374344000000001,-1.285311,0.548729
157,4.091355,0.052708000000000005,0.587191
158,2.839327,0.610392,1.2688700000000002
159,0.987253,-0.233298,2.0720680000000002
160,-1.004807,-1.427785,2.810644
161,-1.7401200000000001,-1.7779049999999998,2.028291
162,-1.9657630000000001,-0.600126,0.46560200000000007
163,-1.596861,-0.191886,-0.977649
164,-1.619145,-0.28825300000000004,-1.101595
165,-1.987569,1.070366,-0.614527
166,-2.068161,3.6600129999999997,-0.2691
167,-1.42523,4.160228,0.08833099999999999
168,0.21603499999999998,3.3564849999999997,0.394586
169,0.22616,5.3635720000000005,0.624958
170,1.237283,2.9668349999999997,-0.28357899999999997
171,-0.56691,0.666702,-4.257406
172,-2.523097,3.4684230000000005,0.35074099999999997
173,-4.546798,3.663306,0.256239
174,-4.804841000000001,0.333325,-1.93222
175,-4.578255,-0.025937,-2.860598
176,-5.25959,-1.03603,-3.01575
177,-4.651751,-0.552241,-1.9844950000000001
178,-3.027027,-0.261368,-2.605906
179,-1.370239,1.5740450000000001,-2.164055
180,0.123654,2.1081779999999997,-1.43646
181,1.027028,2.026712,-0.49641899999999994
182,0.89561,1.1145639999999999,1.015366
183,2.257878,-0.678687,2.594261
184,3.8617779999999997,-2.05208,2.332691
185,4.407639,-3.7621,1.657169
186,5.582933000000001,-4.443255000000001,1.5487469999999999
187,8.011517,-7.214205000000001,1.0842889999999998
188,7.067497,-5.618123000000001,0.496673
189,5.800825,0.699023,-0.018061
190,4.423878,0.596491,0.9744450000000001
191,3.9077699999999997,1.743125,1.5878709999999998
192,2.5039540000000002,-1.7915900000000002,2.037657
193,-0.356612,-2.4372409999999998,2.1434849999999996
194,-1.899188,-2.18699,1.638871
195,-3.2190790000000002,-0.8583270000000001,0.8534879999999999
196,-2.7554540000000003,-0.389192,-0.715229
197,-1.7687279999999999,-1.5342799999999999,-1.5902889999999998
198,-1.452782,0.008187,-0.786756
199,-1.781793,2.765532,-0.07260499999999999
200,-1.898826,4.7949459999999995,-0.253348
201,-1.5206620000000002,4.373284,0.170713
202,0.579284,3.2857589999999997,0.450625
203,2.10378,5.227517,0.5207430000000001
204,1.6008799999999999,2.7564740000000003,-0.207063
205,-1.722409,3.2537700000000003,-2.603434
206,-2.1706380000000003,2.774382,-1.147828
207,-4.20184,1.664663,-1.592155
208,-4.399571,0.683712,-2.260986
209,-4.756564,-0.113505,-2.9183470000000002
210,-5.045864,-2.055541,-2.924288
211,-5.200521,0.132604,-1.21154
212,-3.15191,0.39248299999999997,-2.174986
213,-1.962711,1.082861,-1.628112
214,-0.460588,1.810529,-1.353633
215,1.033324,1.432434,-1.070317
216,1.432814,1.3545610000000001,-0.059026
217,2.371394,0.710123,1.5090290000000002
218,3.3552690000000003,-1.118009,2.017103
219,3.9761839999999995,-2.720796,1.366538
220,4.501869,-3.560856,1.066843
221,5.589345,-3.6066809999999996,1.1941389999999998
222,8.914245,-4.495036,0.688663
223,6.144277,-4.130052,1.591791
224,4.762054,0.492374,0.8775959999999999
225,3.251587,0.137426,1.17408
226,1.9364,-0.27535,1.6429169999999997
227,-0.392893,-1.4335209999999998,2.915338
228,-2.016666,-2.612559,2.6694299999999997
229,-2.1099080000000003,-0.9290459999999999,1.59199
230,-1.855403,0.15278699999999998,0.163101
231,-1.427359,-0.912797,-1.1945270000000001
232,-1.6789560000000001,-0.7663979999999999,-1.090718
233,-1.915936,2.022815,-0.167663
234,-1.6667419999999997,5.4726300000000005,0.30181199999999997
235,-1.153674,5.567414,0.66206
236,0.098669,4.00845,1.290238
237,-1.38965,5.6095489999999995,0.9850969999999999
238,2.456807,1.6878810000000002,-0.385585
239,-0.19009500000000001,-0.320642,-6.487161
240,-3.5403059999999997,6.341418,0.7127640000000001
241,-4.049118,3.70129,0.182755
242,-3.422714,-0.5523899999999999,-2.2130549999999998
243,-3.6969519999999996,-0.623003,-3.229691
244,-4.515637,-1.180492,-3.23149
245,-4.304208,-1.6261379999999999,-2.526552
246,-3.6648370000000003,-1.1211440000000001,-2.561189
247,-1.8653669999999998,0.23735100000000003,-2.0579110000000003
248,-0.302836,1.449327,-1.205722
249,1.149835,1.523582,-0.788678
250,1.527472,1.5003879999999998,0.154025
251,2.426231,0.385864,1.565375
252,3.284705,-1.375612,2.029759
253,4.0538300000000005,-2.482551,1.659468
254,4.7736529999999995,-3.181034,1.74978
255,7.156719,-4.887428,2.036736
256,7.872018,-6.719683,2.476711
257,5.80272,-1.989205,0.9126139999999999
258,4.438556,-0.060334000000000006,0.849339
259,3.101064,-0.22265700000000002,1.3091540000000002
260,1.800102,-0.786671,2.0239759999999998
261,-0.7008439999999999,-2.172366,2.801971
262,-2.294954,-1.4654770000000001,1.635182
263,-2.9952419999999997,-0.568904,0.47653
264,-2.204285,-0.54872,-1.2581040000000001
265,-1.3464690000000001,-1.3026389999999999,-1.542771
266,-1.5308760000000001,0.145248,-0.36339299999999997
267,-1.5022739999999999,3.02578,0.669291
268,-0.863239,4.415133999999999,1.1216959999999998
269,0.35479499999999997,3.586735,1.5671
270,-0.482371,4.791627,1.743443
271,0.413575,3.318921,0.5594520000000001
272,-0.357856,4.2070099999999995,-1.8772790000000001
273,-3.5203559999999996,5.46293,-3.917782
274,-2.858044,2.2420560000000003,-0.896642
275,-3.234138,0.8392729999999999,-1.947534
276,-3.386915,0.046827,-3.174972
277,-4.727318,-0.364671,-3.269266
278,-4.962102,-1.4853690000000002,-1.995081
279,-4.084146,-0.426138,-2.575691
280,-1.966379,0.729033,-2.117998
281,-1.388784,0.9992270000000001,-1.457354
282,0.741923,1.1046280000000002,-0.8924709999999999
283,0.9525540000000001,0.542733,0.11277999999999999
284,1.6968450000000002,-0.11174300000000001,1.695513
285,3.298915,-0.665546,2.667745
286,3.978136,-2.382287,2.224968
287,4.782291000000001,-2.927501,1.743106
288,6.10732,-3.46455,1.697502
289,8.426497999999999,-5.211365,0.960707
290,6.898174000000001,-3.8650230000000003,0.995309
291,5.302217,0.626372,0.46672700000000006
292,4.096221,1.4925700000000002,0.9464389999999999
293,2.875312,-0.756861,1.629796
294,0.566044,-2.206254,2.1870220000000002
295,-1.8643830000000001,-3.139815,1.7257930000000001
296,-2.42846,-1.490607,1.641759
297,-2.930509,-0.42089799999999994,0.703256
298,-1.9107310000000002,-1.2302170000000001,-0.784095
299,-1.1959540000000002,-1.410874,-0.714777
300,-1.252907,0.835512,0.202754
301,-1.140321,3.465931,0.574047
302,-0.8134140000000001,4.535413,0.836675
303,1.5482200000000002,4.655293,1.310216
304,3.2954489999999996,3.169482,1.3318020000000002
305,-0.031743,4.092579,-0.71797
306,-0.701395,4.845321,-2.430631
307,-2.8509759999999997,2.9771389999999998,-1.977507
308,-3.777011,3.596493,-2.080909
309,-4.004477,2.879006,-2.277063
310,-4.275135,0.290877,-3.7615339999999997
311,-5.2057459999999995,-0.6292979999999999,-2.479648
312,-4.98939,0.722096,-2.0248060000000003
313,-3.491741,-1.7642639999999998,-2.7877560000000003
314,-2.302105,-1.117842,-1.905401
315,-1.960282,0.7672640000000001,-1.295474
316,0.095296,1.037717,-1.181049
317,0.732003,0.7057680000000001,-0.506401
318,2.120146,0.630622,0.8301229999999999
319,3.356822,-0.9383799999999999,1.850241
320,3.9672910000000003,-2.363635,1.5668440000000001
321,4.483154,-2.7658810000000003,1.2793379999999999
322,5.5989260000000005,-3.7443370000000002,1.7765630000000001
323,8.371649,-4.909288,1.123375
324,6.561966,-3.448175,1.2050020000000001
325,5.124080999999999,-0.59354,0.6635989999999999
326,3.9257160000000004,0.635422,0.994416
327,3.452485,0.22412800000000002,1.42854
328,1.477017,-2.098036,2.5724650000000002
329,-1.3787559999999999,-3.308642,2.231466
330,-2.846836,-1.989977,1.410877
331,-3.638388,-0.180515,0.344422
332,-2.579669,-0.644777,-1.153781
333,-1.095136,-0.620847,-1.232105
334,-0.799928,1.1216959999999998,-0.361675
335,-0.853366,3.1804419999999998,0.05832999999999999
336,-0.7651180000000001,4.445098000000001,0.20474
337,-0.150496,4.135683,0.591853
338,0.342505,5.452123,0.22507399999999997
339,3.262737,1.14468,-0.307689
340,-0.325044,5.301044999999999,-4.299043
341,-2.3379380000000003,4.506998,-1.122375
342,-4.009030999999999,3.3853,-0.7491180000000001
343,-3.983689,1.8204330000000002,-1.308821
344,-3.6306830000000003,1.371969,-2.682718
345,-4.485021,-0.755861,-3.6868830000000004
346,-4.878666,-1.554429,-2.112982
347,-4.460282,-0.747578,-2.052341
348,-2.382962,-0.290213,-2.07901
349,-2.101313,0.769695,-1.248392
350,-0.242475,1.293807,-1.260649
351,0.663299,0.6057859999999999,-0.751376
352,1.460223,0.267297,0.353825
353,2.554908,-0.8250149999999999,1.6351229999999999
354,3.525469,-2.462903,1.732664
355,4.054812999999999,-3.610149,1.2603360000000001
356,4.749593,-4.41096,1.122005
357,7.312764,-5.935993,0.9207420000000001
358,7.144108999999999,-6.4275720000000005,0.9223299999999999
359,5.664935,-1.020824,0.48846300000000004
360,3.9067199999999995,0.726812,0.800818
361,2.939521,2.12325,1.1405129999999999
362,1.8348080000000002,0.913739,1.936581
363,-0.611135,-1.0654549999999998,2.701834
364,-2.387367,-0.833823,1.462812
365,-2.7420009999999997,-0.46450600000000003,0.257044
366,-1.6709189999999998,0.00924,-1.392894
367,-0.902058,-0.6875439999999999,-1.7690540000000001
368,-1.07536,0.38297600000000004,-1.06661
369,-1.601133,2.652755,-0.264547
370,-1.426958,4.008763,-0.393255
371,-0.552037,3.652802,-0.046993
372,1.322042,4.105093,0.039225
373,2.284552,4.548373000000001,-0.027259
374,1.314668,0.400644,-0.365208
375,-2.2199400000000002,5.453873000000001,-1.9837509999999998
376,-2.03634,3.2906169999999997,-0.360272
377,-3.7929800000000005,0.766721,-0.6374310000000001
378,-3.73165,0.551042,-2.163216
379,-4.329276,-0.324701,-3.48659
380,-4.432995,-0.730475,-2.88859
381,-5.011671,-0.023275,-2.085963
382,-3.343643,-0.06387000000000001,-2.703442
383,-2.379789,0.871224,-1.62114
384,-0.989152,1.142794,-1.210123
385,0.863783,0.243206,-1.094547
386,1.2974290000000002,-0.036253,-0.050711
387,2.1554849999999997,0.18426099999999998,1.068087
388,3.096735,-1.280923,1.690767
389,3.718482,-2.490291,1.488356
390,4.348212,-2.949206,1.686691
391,5.718585,-3.608686,2.114783
392,7.753171000000001,-4.7602199999999995,1.6764759999999999
393,5.736243,-2.7227200000000003,1.919355
394,4.4314160000000005,0.102426,1.178093
395,3.304417,0.174979,1.327156
396,2.122016,-0.518767,1.8816709999999999
397,0.159874,-1.9720939999999998,2.588741
398,-1.839778,-2.807747,2.044938
399,-2.759044,-1.450285,1.169381
400,-3.123703,-0.29023699999999997,-0.101564
401,-2.301766,-1.4225649999999999,-1.094227
402,-1.426464,-1.411407,-1.1799950000000001
403,-1.3605209999999999,0.288534,-0.37947800000000004
404,-1.394809,2.2537990000000003,-0.041473
405,-1.183174,3.4081919999999997,-0.399328
406,-0.577759,3.27624,-0.16099000000000002
407,0.058162,4.360112,-0.035091000000000004
408,3.164136,1.578247,-0.48839399999999994
409,-0.623368,4.246446,-3.780619
410,-3.3947199999999995,7.063675,0.852792
411,-3.9325120000000005,4.157289,0.332536
412,-3.748213,0.47039899999999996,-1.164441
413,-3.485336,-0.277192,-2.2480279999999997
414,-4.343635,-0.7194550000000001,-3.0578279999999998
415,-4.3692660000000005,-2.5355790000000002,-2.014163
416,-4.165253,-0.089431,-1.99344
417,-1.80978,0.777087,-2.016553
418,-1.297444,0.939235,-1.186379
419,0.7983560000000001,1.516844,-0.9299930000000001
420,1.357165,0.931682,-0.268384
421,1.7258220000000002,0.031107999999999997,0.8462959999999999
422,2.795405,-0.405403,1.719587
423,3.466856,-1.8974529999999998,1.570228
424,4.100266,-2.8450759999999997,1.169943
425,4.8271809999999995,-3.359414,1.2910469999999998
426,7.311642999999999,-4.430066,1.014944
427,6.064506,-5.289749,1.563878
428,4.9192480000000005,0.042503,0.8226540000000001
429,3.556993,1.064445,0.8524219999999999
430,2.171984,0.318442,1.330813
431,0.5346989999999999,0.085233,2.1945490000000003
432,-1.260701,-0.888825,3.315571
433,-1.59981,-0.953722,2.257883
434,-1.6486830000000001,0.031213,0.815248
435,-1.517606,-0.273368,-0.650115
436,-1.365565,-1.016114,-1.517634
437,-1.390852,-0.062227,-1.3459809999999999
438,-1.5517459999999998,1.920987,-0.592277
439,-1.390562,3.5358650000000003,-0.179819
440,-0.787643,3.7334620000000003,0.2322
441,0.766717,4.268653,-0.155007
442,3.6354849999999996,-1.978213,0.043952
443,-1.758825,6.7952330000000005,-4.023621
444,-2.053617,4.387976999999999,-0.642741
445,-4.011321,1.9505029999999999,-0.24736799999999998
446,-3.718265,1.394279,-0.729581
447,-4.384275,0.628807,-2.396473
448,-4.9511,-1.9255360000000001,-2.750741
449,-4.221246,-1.069409,-1.431759
450,-4.086725,-0.20243699999999998,-1.7737610000000001
451,-1.9137259999999998,0.039861,-2.178704
452,-1.5709629999999999,0.8793540000000001,-1.15937
453,0.13533599999999998,1.168803,-0.698101
454,0.8530200000000001,0.315743,-0.045721
455,1.6839439999999999,-0.25959299999999996,0.852786
456,2.846164,-0.987194,1.713209
457,3.558736,-2.3685259999999997,1.545836
458,4.184608,-3.086056,1.153749
459,5.033419,-3.593149,1.222285
460,7.767291999999999,-5.438136,0.70002
461,6.230664,-5.4635169999999995,1.45203
462,4.883209,0.23678400000000002,0.4878
463,3.3597870000000003,0.4968,0.720381
464,2.6848490000000003,0.670434,1.040183
465,1.194461,-0.13949,1.876842
466,-1.0769540000000002,-0.795145,2.64055
467,-2.215794,-0.20033199999999998,1.667229
468,-2.9122529999999998,0.27684899999999996,0.423683
469,-2.07472,0.17039200000000002,-1.1171149999999999
470,-1.248705,-0.7391989999999999,-1.604767
471,-1.1015620000000002,-0.17438199999999998,-1.255154
472,-1.231581,1.365275,-0.694014
473,-1.2431889999999999,2.96583,-0.5455270000000001
474,-0.747129,3.0925599999999998,-0.167278
475,0.441751,3.9382940000000004,-0.10878299999999999
476,1.7586220000000001,2.565866,-0.362745
477,0.713041,1.912164,-2.211894
478,-2.169695,5.937199,-0.087925
479,-2.761413,3.69584,0.42890200000000006
480,-3.7562089999999997,1.524157,-0.94152
481,-3.4125449999999997,0.334752,-2.163914
482,-4.225322,-0.486653,-3.037003
483,-4.485749,-2.195091,-2.345494
484,-4.647443,0.038869,-1.160555
485,-2.695015,1.1007280000000002,-1.997514
486,-1.779811,0.8634459999999999,-0.996303
487,0.09585,1.424523,-0.6773399999999999
488,1.410934,1.478073,-0.291141
489,1.993627,0.6536270000000001,0.515152
490,2.526363,-0.35392399999999996,1.33415
491,3.359694,-1.2740690000000001,1.347559
492,3.979103,-2.319264,1.117148
493,4.780632,-3.172164,1.390895
494,7.232077,-4.750545,1.307492
495,6.347912,-5.987613,2.143592
496,4.868898000000001,-0.710492,0.827541
497,3.273858,0.491278,0.843701
498,1.992016,0.01932,1.4314200000000001
499,0.280878,-0.324189,2.237098
500,-1.27376,-0.770285,3.253371
501,-1.594451,-0.546619,1.9454779999999998
502,-1.57348,-0.10248800000000001,0.087417
503,-1.40993,-0.459707,-1.296467
504,-1.503927,-0.711046,-1.763614
505,-1.605025,0.169949,-1.412936
506,-1.4481549999999999,2.2504720000000002,-0.7607550000000001
507,-1.191122,3.928526,-0.246227
508,-0.71162,3.6826230000000004,0.35884699999999997
509,-1.0171379999999999,3.611299,0.611041
510,0.9129639999999999,3.174761,-0.318158
511,2.234705,-0.652061,-0.310431
512,-3.5655449999999997,7.190469,-3.5282739999999997
513,-2.302982,3.8384660000000004,1.126265
514,-3.8218449999999997,1.20295,0.052948
515,-3.261853,0.076013,-1.526938
516,-3.545432,0.5888899999999999,-2.7313259999999997
517,-4.262097,-1.600372,-2.6128169999999997
518,-4.245163,-1.3426200000000001,-2.084259
519,-3.1329569999999998,1.144009,-2.317891
520,-1.267151,1.3305790000000002,-1.841489
521,-0.264678,1.4213850000000001,-1.177646
522,0.882674,1.618547,-0.596249
523,1.264346,0.775303,0.28984899999999997
524,1.887523,-0.459726,1.1738629999999999
525,2.97455,-1.394636,1.462528
526,3.801736,-2.800361,1.168868
527,4.439474,-3.718128,1.02388
528,6.217301,-4.977514,0.872337
529,6.760769,-7.602639999999999,1.0055479999999999
530,5.132409,-2.141213,0.34731
531,4.136368,1.084435,0.147144
532,2.714568,0.596984,1.000961
533,1.9308560000000001,0.9621280000000001,1.740637
534,0.15474000000000002,-0.691702,2.876552
535,-1.227626,-0.6314420000000001,2.858274
536,-1.341725,-0.844909,1.197733
537,-1.89051,-0.9511790000000001,-0.253405
538,-1.819392,-0.62031,-1.271347
539,-1.4946270000000001,-0.620102,-1.604501
540,-1.4409129999999999,0.435413,-1.3416270000000001
541,-1.4799930000000001,1.8297330000000003,-0.7444149999999999
542,-1.3513680000000001,2.956279,-0.46081300000000003
543,0.057363,2.8651020000000003,0.072573
544,2.924716,2.217522,0.489742
545,2.55329,-0.08037799999999999,0.8361959999999999
546,-2.243679,5.6778059999999995,-1.221493
547,-1.850114,3.4696949999999998,-0.5493439999999999
548,-3.6609849999999997,-0.11398299999999999,-0.02329
549,-3.6462660000000002,0.005012,-1.287046
550,-4.504511,-0.510521,-2.421491
551,-4.683737000000001,-2.304234,-2.318963
552,-3.7224699999999995,-1.0375510000000001,-1.040551
553,-3.811114,-0.12753,-1.29871
554,-1.8803330000000003,-0.315923,-1.4142370000000002
555,-1.0031809999999999,0.776981,-0.826261
556,0.808504,1.172688,-0.9209350000000001
557,1.619442,1.242221,-0.631213
558,1.780703,0.5846359999999999,0.104624
559,2.795722,0.13226300000000002,0.995714
560,3.5741730000000005,-1.092617,0.807236
561,4.123044999999999,-2.627642,0.5887100000000001
562,5.072035,-4.041793,0.963551
563,7.128624,-4.423801,0.672895
564,5.084914,-2.452386,2.54471
565,4.105157,0.777046,0.8534139999999999
566,3.105255,0.607264,0.48986199999999996
567,1.795192,0.532742,1.346066
568,0.527255,0.41525200000000007,2.52095
569,-0.7803760000000001,-1.029611,2.41005
570,-1.169239,-1.309696,0.332137
571,-2.150012,-1.284715,-0.534664
572,-2.18908,-0.16339,-0.9305479999999999
573,-1.874912,-0.09199299999999999,-1.2083190000000001
574,-1.8293259999999998,-0.636378,-0.9744299999999999
575,-1.324841,0.19630699999999998,-1.055295
576,-0.13451300000000002,0.9737389999999999,-0.434817
577,1.41449,2.420548,0.577209
578,3.036819,-1.1619549999999998,-0.299902
579,0.77604,-1.391399,-1.964734
580,-1.420142,2.95352,-1.308389
581,-1.9279509999999997,0.392391,-0.551285
582,-3.58129,0.601086,-0.42530100000000004
583,-4.788754,0.6827409999999999,-0.883561
584,-5.569704,-1.6436279999999999,-1.319733
585,-3.856729,-1.582181,-1.3879629999999998
586,-3.843113,-1.359426,-0.6297159999999999
587,-2.186154,-1.7811299999999999,-1.302332
588,-0.8404219999999999,-0.47991000000000006,-1.266826
589,0.391072,-0.12233,-1.446689
590,1.478797,-0.265546,-1.473091
591,2.046454,-0.22373400000000002,-0.967115
592,2.286449,-0.385562,-0.400142
593,2.927572,-0.743919,0.21475100000000003
594,3.6712510000000003,-2.004037,0.609325
595,4.672554,-2.6124110000000003,0.8318110000000001
596,5.9391680000000004,-3.3235419999999998,1.7452849999999998
597,5.467257,-4.715797,4.000926
598,4.267709,-1.9371639999999999,2.8128740000000003
599,3.411685,-0.980498,1.94575
600,1.760298,-1.1176409999999999,2.242039
601,0.57391,-1.5680450000000001,3.217093
602,-0.586953,-1.8440880000000002,3.192247
603,-1.282259,-1.411397,1.884673
604,-1.7566509999999997,-1.7341919999999997,1.235499
605,-2.1215990000000002,-0.995075,0.799373
606,-2.297038,-0.289862,0.41909300000000005
607,-2.088319,-0.5191600000000001,0.038421
608,-1.30261,-0.576633,-0.12265999999999999
609,0.199237,-0.26819699999999996,0.030576999999999997
610,2.596058,-0.47821099999999994,0.654338
611,0.308896,-0.070485,0.042839999999999996
612,0.722109,0.39360700000000004,-0.754966
613,-3.3329660000000003,2.972337,-2.755329
614,-2.5942,-2.158388,-0.379618
615,-3.5997260000000004,-1.8393959999999998,-0.42550699999999997
616,-3.716277,-1.8506770000000001,0.09819
617,-4.054771,-1.608287,-0.549691
618,-3.405404,-2.249704,-1.347636
619,-2.564148,-2.3846540000000003,-1.362951
620,-1.847635,-1.46065,-1.2875590000000001
621,-0.808392,-0.619834,-0.9352739999999999
622,0.376537,-0.43118900000000004,-0.653774
623,1.389058,-1.30001,-0.577222
624,1.933719,-1.4433690000000001,-0.36386199999999996
625,2.5311939999999997,-1.80266,-0.00992
626,2.961745,-2.4779869999999997,0.134958
627,3.5238709999999998,-2.977442,0.140593
628,4.645201,-2.862477,0.2551
629,5.852369,-2.416124,1.071605
630,5.889463,-3.202649,2.723274
631,4.364392,-1.193581,2.4579470000000003
632,3.321081,-1.370451,1.7736330000000002
633,2.5040720000000003,-2.007821,2.032594
634,1.9069330000000002,-3.021251,2.371553
635,0.43745500000000004,-2.599723,2.393863
636,-0.621364,-2.829991,2.0224990000000003
637,-1.3471360000000001,-3.5965190000000002,2.267307
638,-1.487352,-3.02393,1.9889240000000001
639,-1.400441,-1.976284,1.261798
640,-0.86466,-1.106363,0.9001620000000001
641,-0.310501,-0.23607399999999998,0.9627379999999999
642,-0.110702,0.939709,1.1260649999999999
643,-0.5088699999999999,2.413024,1.46109
644,-1.6244100000000001,3.9263230000000005,1.211009
645,0.8471549999999999,2.935941,0.32048499999999996
646,-0.6388520000000001,2.201623,-0.701628
647,0.691211,-1.076392,-3.6748849999999997
648,-1.304225,-1.7163080000000002,-0.42992700000000006
649,-3.422607,0.436371,0.666673
650,-4.126879,1.098947,-0.313313
651,-4.996,-0.229977,-1.0259129999999999
652,-4.37085,-0.39463200000000004,-1.416577
653,-3.667464,-0.077549,-1.4013879999999999
654,-3.100085,-0.8487120000000001,-1.650673
655,-1.439495,-0.539748,-0.968627
656,0.164176,-0.151562,-0.601136
657,1.477219,-0.664281,-0.327457
658,2.266393,-0.685238,-0.033498
659,2.837349,-1.035811,0.294611
660,3.4412809999999996,-2.244612,0.498
661,4.145855,-3.231805,0.606735
662,5.100012,-2.845302,1.158766
663,6.459072,-4.158567,1.789511
664,6.200351,-3.543932,2.286844
665,4.7175400000000005,-2.279255,1.1275959999999998
666,3.338046,-1.787579,1.377976
667,2.598999,-2.2659979999999997,1.779351
668,1.429117,-3.6030089999999997,1.75046
669,-0.13673,-3.035149,1.759091
670,-1.718464,-3.6972400000000003,1.936898
671,-2.214267,-1.8636599999999999,2.040044
672,-2.314889,-0.893445,1.6578110000000001
673,-0.87735,-0.49965200000000004,0.7689729999999999
674,0.793555,-0.453434,0.549849
675,1.120544,0.640524,0.818855
676,0.769518,2.050194,1.045333
677,0.306079,3.282718,1.180453
678,1.0882020000000001,3.5823620000000003,1.226125
679,-1.9608310000000002,6.072607,1.297776
680,-1.951234,6.207397,-0.713792
681,-1.7006330000000003,2.075201,-4.125056
682,-3.023589,-1.877347,-0.22594899999999998
683,-3.8730860000000003,-1.274749,-0.9996389999999999
684,-4.11626,-1.355751,-1.577005
685,-5.578796,-1.7145549999999998,-2.221285
686,-4.991748,-1.3626120000000002,-0.967816
687,-4.404224,-0.472238,-1.4273930000000001
688,-2.969236,0.215308,-1.450297
689,-1.6329049999999998,0.479842,-0.831347
690,-0.006929,-0.15238800000000002,-0.5126
691,1.388707,-0.41884499999999997,-0.09017599999999999
692,2.044064,-0.268706,0.954657
693,3.008651,-1.4149479999999999,1.451041
694,3.77202,-3.114066,1.056899
695,4.527225,-3.710768,0.97214
696,6.091124,-4.518976,1.396434
697,7.928813000000001,-6.761364,1.6631759999999998
698,5.826505,-3.201924,1.532835
699,4.378304,-0.88582,0.609626
700,3.442962,-1.382535,1.227571
701,3.206834,-2.471347,0.92501
702,0.6616380000000001,-3.645141,2.0293
703,-1.308646,-2.8151650000000004,1.8414220000000001
704,-2.813169,-0.860875,1.9362990000000002
705,-2.978577,-0.362319,1.013698
706,-1.384099,-0.416501,0.128666
707,0.11773099999999999,0.12629300000000002,0.282671
708,-0.10093099999999999,1.716996,0.676484
709,0.10587,3.5125900000000003,0.6126020000000001
710,-0.019843,4.503728,0.6136590000000001
711,0.18123499999999998,4.383585,0.381277
712,1.506235,4.032186,0.528783
713,-1.7889869999999999,6.6367199999999995,-0.060525
714,-2.020905,4.629393,-5.0930349999999995
715,-2.826898,-0.313688,-0.88674
716,-4.5222169999999995,0.23613699999999999,-1.050974
717,-4.270554,0.498908,-1.7129189999999999
718,-5.065853,-0.645582,-2.5245830000000002
719,-5.1416900000000005,-0.718171,-1.623441
720,-4.527928,-0.270386,-1.7147990000000002
721,-2.81812,0.362764,-1.692985
722,-2.013824,1.2690190000000001,-0.9856379999999999
723,-0.12278900000000001,0.942809,-0.701751
724,0.910077,-0.025422999999999998,-0.025657
725,1.795293,0.019524,1.284767
726,3.221386,-1.32904,2.15958
727,4.242325,-2.925734,1.7692430000000001
728,4.760952,-3.379307,1.527755
729,6.764774000000001,-4.1506300000000005,1.670927
730,8.194736,-6.151455,1.0243870000000002
731,6.531715,-3.3754160000000004,0.885299
732,4.7722739999999995,-1.411909,0.495547
733,4.191639,-0.43940500000000005,1.287139
734,3.585346,-1.7241279999999999,1.01429
735,0.616002,-2.914173,1.7556479999999999
736,-1.837058,-2.2887299999999997,1.719552
737,-3.5799790000000002,-0.80491,1.92553
738,-2.689852,0.519482,0.5595220000000001
739,-1.099377,-0.076405,-0.451962
740,-0.706647,0.329759,-0.067315
741,-1.279741,2.251356,0.468876
742,-1.197685,4.151432,0.491583
743,-0.28823000000000004,4.299353,0.540475
744,-0.845708,4.873293,0.285882
745,0.365546,5.299608999999999,-0.547963
746,0.078387,3.530624,-0.142846
747,-3.147863,4.641614,-4.775114
748,-2.43779,1.4611049999999999,-0.702562
749,-4.756963,0.822709,-0.216948
750,-4.314939,1.190888,-1.8284150000000001
751,-4.565294000000001,-0.047061,-2.917096
752,-4.852761,-0.983024,-3.037545
753,-4.91413,-0.8726360000000001,-2.08633
754,-3.239327,0.001446,-2.344943
755,-1.6575669999999998,1.582498,-1.365975
756,0.169053,1.4641110000000002,-0.783702
757,0.964457,0.435679,-0.032277999999999994
758,1.410717,-0.10997699999999999,1.502301
759,2.909263,-1.516281,2.102092
760,3.8515629999999996,-3.044411,1.9493310000000001
761,4.7196489999999995,-3.338464,1.738922
762,7.1002220000000005,-4.335903,1.625438
763,7.968147,-6.512726,0.990152
764,6.168036,-2.540633,0.5003340000000001
765,4.6806209999999995,-0.665944,0.5067699999999999
766,4.074844000000001,0.511726,1.162259
767,3.3518589999999997,-0.862809,1.604419
768,0.657521,-2.500497,2.430524
769,-1.892809,-1.839132,1.754906
770,-3.4296300000000004,-0.447321,1.3492819999999999
771,-2.2726759999999997,-0.328627,-0.296396
772,-1.09554,-1.4389129999999999,-1.248151
773,-0.726013,-0.423413,-0.311108
774,-1.1462700000000001,2.410031,0.365987
775,-0.8722610000000001,4.360291999999999,0.45940600000000004
776,-0.085246,4.868543,0.8135600000000001
777,0.205019,5.65644,0.397972
778,2.099542,1.557903,-0.07278899999999999
779,-1.0839530000000002,8.150883,-1.8361299999999998
780,-2.963851,2.848877,-5.496854
781,-3.4400160000000004,1.437034,-2.070447
782,-4.9619230000000005,1.6285889999999998,-1.768334
783,-4.824808,0.689836,-2.357968
784,-5.2261,-1.151206,-2.747245
785,-5.018841,-0.21056399999999997,-1.8635830000000002
786,-3.018031,-0.9926450000000001,-2.489538
787,-2.13268,0.581408,-1.819869
788,-1.03616,2.193809,-1.332508
789,0.146568,1.237062,-0.994008
790,0.680475,0.643392,0.217573
791,1.9400380000000002,-0.41905200000000004,1.878136
792,3.4899989999999996,-1.7810080000000001,1.999666
793,3.819609,-3.221658,1.281696
794,4.7765010000000006,-3.631333,1.137218
795,7.76695,-5.727984999999999,0.7238899999999999
796,7.126009,-6.801900999999999,0.7763369999999999
797,5.973949,-1.225,0.13196
798,4.618906,-0.286804,0.8508889999999999
799,4.0188180000000004,1.507387,1.569721
800,2.976566,-2.522784,2.2640860000000003
801,0.56072,-2.734169,2.6085409999999998
802,-1.30103,-2.403608,1.7448080000000001
803,-2.169465,-1.394452,1.081561
804,-1.146592,-0.6439020000000001,-0.48467899999999997
805,-0.794841,-1.125094,-1.1332209999999998
806,-1.782709,1.169513,-0.27887
807,-1.9248009999999998,4.217005,0.44155500000000003
808,-0.629649,5.786447,0.8438329999999999
809,0.40428800000000004,5.246424,0.9948889999999999
810,2.2216549999999997,3.062932,0.138712
811,0.554608,6.190285,0.060035000000000005
812,-2.965557,6.503114,-4.782636
813,-2.921785,1.95602,-3.6324370000000004
814,-3.632876,1.1006340000000001,-2.226255
815,-4.870368,0.449755,-1.954191
816,-5.1758120000000005,-1.530139,-3.399092
817,-5.057055999999999,-0.44346199999999997,-1.6637939999999998
818,-4.448568,-1.525245,-2.5907150000000003
819,-2.8057220000000003,-1.192744,-2.450411
820,-2.349981,0.9602950000000001,-1.278147
821,-0.369458,0.988986,-0.846675
822,0.340715,0.247319,-0.072713
823,1.531297,0.120921,1.7303790000000001
824,3.409783,-1.089133,2.7395650000000002
825,4.160888,-2.830276,1.9437400000000002
826,4.509941,-3.214458,1.2801
827,5.600103,-3.90255,1.115544
828,9.21462,-5.765255000000001,-0.0008869999999999999
829,7.144424000000001,-5.361419000000001,0.969036
830,5.455364,-0.15728599999999998,0.5040520000000001
831,4.351354,0.14085899999999998,1.2266219999999999
832,3.222941,-0.391337,1.561253
833,0.542902,-2.360459,2.6741669999999997
834,-1.8652060000000001,-2.2791200000000003,2.5365330000000004
835,-2.404259,-0.953499,1.302614
836,-1.6852349999999998,-0.32159699999999997,-0.43223900000000004
837,-1.0418180000000001,-1.543803,-1.437784
838,-1.072555,-0.335358,-0.984485
839,-1.906752,2.45296,-0.11901099999999999
840,-1.536011,4.71015,0.12424
841,0.140692,4.523886,0.761101
842,1.390781,4.727012,0.562337
843,2.018807,1.460038,0.22801100000000002
844,-1.0196399999999999,7.9965649999999995,-0.864469
845,-2.714632,3.660354,-4.582824
846,-3.4066160000000005,1.6045209999999999,-2.691065
847,-4.477411,1.071178,-2.1199529999999998
848,-4.8854809999999995,-0.368166,-2.2598279999999997
849,-5.1589849999999995,-2.458357,-3.3230089999999994
850,-5.038565,-1.363617,-1.474479
851,-4.685116000000001,-1.672368,-2.091183
852,-2.878077,-0.909032,-2.2087939999999997
853,-2.3176400000000004,1.701905,-1.084455
854,-0.528888,1.470494,-0.975524
855,0.402855,0.994908,-0.333883
856,1.6959400000000002,0.914802,1.259425
857,3.2523150000000003,-0.7256640000000001,2.2914830000000004
858,3.860006,-2.4730779999999997,1.5897350000000001
859,4.369827,-3.0235220000000003,1.07271
860,5.586556,-4.569151000000001,1.327812
861,8.884533,-6.880957,0.640239
862,6.708888000000001,-5.222086,1.4005809999999999
863,5.049634999999999,0.046278,0.299063
864,3.379886,0.233884,1.4493850000000001
865,2.431045,0.41413900000000003,1.948864
866,0.061966999999999994,-1.7062830000000002,2.800293
867,-1.5027780000000002,-1.219983,2.957519
868,-2.355064,-0.742424,1.488558
869,-1.7069720000000002,-0.529726,-0.313551
870,-0.905948,-1.46012,-1.436943
871,-1.4535559999999998,-0.609896,-0.996409
872,-2.370372,2.685233,0.005639
873,-1.756061,4.788017,0.023259000000000002
874,-0.10618,4.1562,0.484246
875,2.004947,3.940801,0.571908
876,2.887842,3.17773,0.157105
877,-0.25261,5.267530000000001,-0.24886399999999997
878,-3.4595019999999996,5.563551,-3.825618
879,-3.1089330000000004,2.584934,-1.708546
880,-4.400208999999999,1.139159,-2.137661
881,-4.218865,0.086425,-2.2343900000000003
882,-4.907692,-0.703519,-3.356617
883,-4.6159419999999995,-2.254193,-2.6368840000000002
884,-4.869416999999999,-1.293878,-2.010702
885,-2.694182,-0.293207,-2.392032
886,-2.163612,1.21271,-1.4256520000000001
887,-0.14968,1.552239,-1.2336260000000001
888,0.432432,0.901064,-0.600611
889,1.175539,0.553009,1.077861
890,3.036095,-0.382842,2.793734
891,3.879632,-2.257168,2.189937
892,4.42242,-3.032755,1.470467
893,5.625684,-4.40514,1.5703610000000001
894,9.070022999999999,-6.039733999999999,0.565681
895,7.157928,-4.147597,0.8393879999999999
896,5.607006,0.48590900000000004,0.16459300000000002
897,3.8139279999999998,0.9894440000000001,1.5358379999999998
898,3.4171150000000003,1.185157,1.9536950000000002
899,0.6334350000000001,-2.688432,3.095031
900,-1.420186,-2.0887279999999997,2.224272
901,-2.658986,-1.082043,0.6365649999999999
902,-2.5638669999999997,-0.466545,-0.45207700000000006
903,-1.4928709999999998,-1.564302,-1.514616
904,-1.394542,-1.298175,-1.285671
905,-1.6432209999999998,0.9450209999999999,-0.203901
906,-1.517773,3.7960279999999997,0.13729
907,-0.748079,4.775092,0.782345
908,1.0462770000000001,4.035056,1.27439
909,1.09362,5.557976999999999,0.807024
910,1.823377,0.8179069999999999,0.339632
911,-2.684144,5.7299430000000005,-4.548943
912,-3.1507330000000002,2.996142,-2.207157
913,-4.323313,1.41164,-1.8811
914,-4.112702,-0.128735,-2.3327169999999997
915,-5.102633999999999,0.005848,-3.427254
916,-4.876956,-2.389714,-2.6193049999999998
917,-4.937138,-0.716066,-1.793998
918,-2.77632,-0.546272,-2.172228
919,-2.033977,1.321074,-1.1984219999999999
920,-0.017991,1.184244,-1.2290299999999998
921,0.6183109999999999,1.034319,-0.519367
922,1.718521,0.680399,0.984282
923,3.100696,-0.41140699999999997,2.156493
924,3.8721919999999996,-2.23081,1.732652
925,4.379167,-2.81488,1.1024180000000001
926,5.2567900000000005,-3.3762870000000005,0.876395
927,8.591311,-4.505506,0.124536
928,7.438459,-5.51147,0.676453
929,5.296975,-0.071232,0.699388
930,3.5252120000000002,-0.00185,1.400496
931,2.737925,0.48264799999999997,1.86653
932,0.08153200000000001,-1.176915,2.5359
933,-2.10325,-2.275007,3.045475
934,-2.036659,-0.8882479999999999,1.715295
935,-1.87522,-0.244288,0.378184
936,-1.115077,-0.639255,-0.608379
937,-1.1000450000000002,-0.747444,-0.738458
938,-1.487673,1.021631,-0.316144
939,-1.315246,3.109972,-0.033468
940,-1.019543,3.72024,0.5425180000000001
941,-0.48485900000000004,3.168421,1.145165
942,0.42021499999999995,4.668271,0.9081459999999999
943,2.920768,2.491668,0.932675
944,-2.104968,5.761238,-3.2887089999999994
945,-2.846993,3.156507,-1.0173780000000001
946,-3.8476779999999997,2.157712,-1.323258
947,-3.6145110000000003,0.26821300000000003,-2.398112
948,-4.2972269999999995,-0.114695,-3.2847419999999996
949,-5.290771,-2.2952209999999997,-3.512146
950,-5.258893,-2.004078,-1.758276
951,-4.197905,0.213227,-2.261111
952,-2.4887080000000004,0.967959,-1.741666
953,-0.794058,1.6360860000000002,-1.396332
954,0.47887299999999994,0.902249,-1.202766
955,1.32667,0.9174389999999999,-0.143596
956,2.43363,0.382702,1.8164630000000002
957,3.3642260000000004,-1.334951,2.18195
958,4.002716,-2.427115,1.693223
959,4.595283,-2.910364,1.349741
960,6.158932,-3.7487199999999996,1.3222129999999999
961,9.174496000000001,-6.000802999999999,0.862258
962,6.5137279999999995,-3.776904,1.402707
963,4.765921,0.414441,0.650191
964,3.115324,-0.047182999999999996,1.636973
965,1.867664,-0.48208599999999996,2.252657
966,-0.9174680000000001,-2.827762,3.584304
967,-2.286432,-1.502218,2.5560959999999997
968,-2.6488259999999997,-0.601055,0.756729
969,-1.781375,-0.652512,-0.9772790000000001
970,-1.569307,-1.4247049999999999,-1.459781
971,-2.050137,0.464354,-0.592823
972,-1.969861,3.564311,-0.397546
973,-1.2140520000000001,5.03634,-0.20828200000000002
974,0.032452999999999996,3.9499370000000003,0.5303439999999999
975,1.251668,3.765228,0.6427149999999999
976,0.412692,5.220378,0.043195
977,3.255694,0.22467800000000002,-0.134575
978,-4.421198,6.055521,-3.4783169999999997
979,-3.889619,3.8264099999999996,0.190118
980,-4.51483,0.9442450000000001,-1.51437
981,-3.9661489999999997,-1.424899,-2.528722
982,-5.021859,-0.054124,-3.4180669999999997
983,-4.9124360000000005,-2.761185,-2.932066
984,-4.587117,-0.5752520000000001,-2.146383
985,-2.1102380000000003,1.10188,-2.259418
986,-0.813783,2.0374830000000004,-1.592468
987,0.917275,1.8890669999999998,-1.143284
988,1.2918,1.750423,-0.09790599999999999
989,1.540271,0.054547000000000005,1.8042340000000001
990,3.1143669999999997,-0.742338,2.584301
991,3.770275,-2.509784,2.0549
992,4.3183620000000005,-3.221652,1.646239
993,5.418129,-3.462248,1.4534040000000001
994,9.622773,-4.689327,0.709885
995,7.210603,-6.703869999999999,1.760634
996,5.477811,0.6456350000000001,0.824715
997,4.177458000000001,0.177653,1.499894
998,3.410093,-0.110205,2.222362
999,0.951995,-2.67826,3.205134
1000,-1.316341,-3.52779,2.3689150000000003
1001,-2.5020990000000003,-2.4354,1.412788
1002,-2.492772,-1.2010239999999999,-0.387614
1003,-1.985416,-1.36917,-1.400802
1004,-1.7855860000000001,-0.07547899999999999,-0.887249
1005,-1.801864,2.404087,-0.24213
1006,-1.0808659999999999,4.332712,0.078765
1007,0.160376,4.196614,0.80225
1008,0.594946,3.9379169999999997,1.182699
1009,1.2216799999999999,4.477787999999999,0.430084
1010,1.290475,4.505703,0.582217
1011,-3.361795,6.885857000000001,-4.7826889999999995
1012,-2.897199,3.474273,-2.116268
1013,-3.862084,1.906668,-1.9329919999999998
1014,-3.471924,1.1116139999999999,-2.181348
1015,-4.471498,0.087906,-3.715644
1016,-5.073418,-2.7002610000000002,-3.375512
1017,-5.054692,-0.733979,-2.007373
1018,-3.2548939999999997,-0.707704,-2.678497
1019,-2.544177,0.9990370000000001,-1.47397
1020,-1.009385,2.084633,-1.226427
1021,0.031644,0.918585,-0.9046719999999999
1022,1.053503,0.561118,0.222421
1023,2.337224,-0.097724,1.896521
1024,3.322628,-1.726089,2.263346
1025,3.8040089999999998,-2.797904,1.617534
1026,4.462403,-3.4258550000000003,1.4392040000000001
1027,6.148754,-4.326058,1.586732
1028,9.46026,-4.88854,0.586159
1029,6.357074,-2.107053,1.13135
1030,4.763873,-0.072992,1.3344639999999999
1031,4.02069,-0.347458,2.150019
1032,2.554749,-1.148218,2.539252
1033,-0.611191,-2.5892939999999998,3.091551
1034,-2.038968,-2.544812,1.998344
1035,-3.116475,-1.239312,0.668823
1036,-2.2158900000000004,-1.1221299999999998,-0.9092100000000001
1037,-1.259226,-1.785696,-1.496677
1038,-1.481225,-0.249948,-0.411678
1039,-1.6704400000000001,2.24286,0.26853699999999997
1040,-0.903661,4.416005999999999,0.140785
1041,0.23008299999999998,4.539288,0.8279350000000001
1042,0.31046999999999997,4.605230000000001,1.050602
1043,-0.117376,5.4332970000000005,-0.262019
1044,3.4611410000000005,0.066414,-0.427767
1045,-3.5257690000000004,7.463577000000001,-4.99181
1046,-3.393587,4.717117,-0.8052779999999999
1047,-4.3740120000000005,2.338638,-0.825102
1048,-3.8126800000000003,0.293873,-1.718004
1049,-4.346048000000001,-0.351744,-3.103181
1050,-4.940751000000001,-2.0078810000000002,-3.478022
1051,-4.900379,-2.571864,-2.336157
1052,-4.198283999999999,-1.054465,-2.2573529999999997
1053,-2.30159,0.972982,-1.8279599999999998
1054,-0.652456,2.460465,-1.2169379999999999
1055,0.211446,1.833675,-1.064822
1056,1.112369,1.5080120000000001,-0.060391999999999994
1057,2.320393,0.688316,1.678548
1058,3.472974,-1.4754479999999999,2.0579080000000003
1059,4.229051999999999,-2.780968,1.5425010000000001
1060,4.864535,-3.364836,1.282769
1061,6.660771,-4.467968,1.466577
1062,9.139632,-7.515459,1.649099
1063,6.934748,-2.7427770000000002,1.1020159999999999
1064,5.010669999999999,0.20963800000000002,1.303779
1065,4.075526,0.47669399999999995,1.9292919999999998
1066,2.837144,-0.059435,2.277047
1067,-0.121378,-2.637253,3.7370360000000002
1068,-1.556727,-2.0807,2.465794
1069,-2.889425,-1.151152,0.802755
1070,-2.8649430000000002,-0.327977,-0.743846
1071,-1.8142470000000002,-1.354602,-1.7286380000000001
1072,-1.320371,-0.46749799999999997,-1.29049
1073,-1.311164,1.2950700000000002,-0.384696
1074,-0.735211,3.022654,-0.27820100000000003
1075,0.21848299999999998,3.3940010000000003,0.600722
1076,-0.315145,4.0904300000000005,0.8620899999999999
1077,-0.052520000000000004,5.869896,-0.011093
1078,2.6664779999999997,3.677333,-0.180503
1079,-2.834867,6.8713809999999995,-6.678289
1080,-3.551489,3.9880190000000004,-0.8225379999999999
1081,-3.788994,1.88527,-0.6431100000000001
1082,-2.7297580000000004,0.098099,-1.916355
1083,-4.220166000000001,-0.080902,-3.543825
1084,-5.041884,-2.865139,-3.196688
1085,-4.7865519999999995,-1.614903,-2.2543349999999998
1086,-3.763907,0.04494,-2.3775049999999998
1087,-2.517012,1.1649,-1.417377
1088,-0.44433999999999996,1.71648,-1.025455
1089,0.902415,0.643271,-0.742276
1090,1.590008,0.366137,0.299057
1091,2.596129,0.019788999999999998,1.85545
1092,3.4366839999999996,-1.5855709999999998,2.189187
1093,3.9929419999999998,-2.589568,1.568381
1094,4.624096,-3.1756,1.3203719999999999
1095,6.122146,-3.323805,1.386573
1096,9.685657,-4.253855000000001,0.44591499999999995
1097,6.1564879999999995,-3.6214510000000004,1.997149
1098,4.320547,-0.36680799999999997,1.4022459999999999
1099,3.3277989999999997,-1.022183,2.0531080000000004
1100,1.5275219999999998,-2.157197,2.67117
1101,-1.714816,-3.7683480000000005,3.197517
1102,-2.544547,-3.0073369999999997,2.218664
1103,-2.809336,-1.3261040000000002,1.326967
1104,-2.187261,-0.949227,-0.218092
1105,-1.1174,-1.621577,-0.837872
1106,-1.135626,-0.221396,-0.126221
1107,-1.52072,2.873736,0.346754
1108,-1.330517,5.056966,0.328194
1109,-0.8247129999999999,4.509317,0.712715
1110,-0.24835300000000002,3.9836120000000004,0.610593
1111,0.238197,4.952973,-0.332627
1112,4.514481,0.395246,0.074824
1113,-3.4844,7.4509229999999995,-3.995922
1114,-2.5137680000000002,3.02783,-0.031052999999999997
1115,-3.7674489999999996,2.472006,-0.3382
1116,-3.4001639999999997,-0.453556,-1.907513
1117,-3.676042,-0.21837199999999998,-3.2044259999999998
1118,-4.6073830000000005,-1.118848,-3.6488169999999998
1119,-4.758414,-2.436487,-2.214629
1120,-4.901438,-0.27883600000000003,-1.9417240000000002
1121,-2.4853419999999997,1.077269,-1.907357
1122,-1.5229840000000001,1.7423810000000002,-1.23919
1123,0.22986399999999999,1.1721219999999999,-1.0766639999999998
1124,0.9732049999999999,0.8418760000000001,-0.387387
1125,1.6989880000000002,0.234769,1.087266
1126,2.877954,-0.666013,2.084761
1127,3.685004,-2.1012560000000002,1.7311779999999999
1128,4.128412,-3.0833180000000002,1.316791
1129,5.107668,-3.8874730000000004,1.500918
1130,8.533081,-5.210878,0.746739
1131,6.4641589999999995,-4.91413,1.323702
1132,4.727348999999999,-0.08307300000000001,0.42516499999999996
1133,3.202583,-0.298193,1.196728
1134,3.016996,1.441889,1.501918
1135,0.798664,-0.5534680000000001,2.648001
1136,-1.355726,-1.1772610000000001,2.802531
1137,-2.0951419999999996,-1.417202,1.3780059999999998
1138,-2.327181,-0.677373,-0.14891500000000002
1139,-1.357464,-1.335782,-1.5032809999999999
1140,-1.2155040000000001,-1.2619479999999998,-1.442564
1141,-1.8785779999999999,0.582403,-0.426202
1142,-1.627693,3.1462060000000003,-0.032493
1143,-0.63677,4.5384150000000005,0.466163
1144,0.5053270000000001,4.484536,1.4932940000000001
1145,-0.372266,5.87619,1.3539889999999999
1146,1.095887,5.251241,-0.008688
