,x,y,z
0,0.142291,0.093226,0.006215999999999999
1,0.163623,0.02206,-0.064047
2,0.184124,-0.031917,-0.16958900000000002
3,0.23576399999999997,0.018154,-0.215225
4,0.269288,0.150004,-0.183114
5,0.22857,0.121341,-0.172679
6,0.166663,0.066359,-0.222179
7,0.08558099999999999,0.027385000000000003,-0.26222
8,0.057083,0.042613,-0.31585
9,0.051161,0.172504,-0.292557
10,0.001807,0.061023,-0.342965
11,-0.085661,0.087866,-0.32010900000000003
12,-0.110108,0.205804,-0.22215500000000002
13,-0.109401,0.244738,-0.102559
14,-0.062837,0.190126,-0.072253
15,-0.038554000000000005,0.156924,-0.04854
16,-0.076311,0.12485299999999999,0.012126000000000001
17,-0.184857,0.258102,0.08383600000000001
18,-0.40797100000000003,0.266185,0.120723
19,-0.481364,0.299529,0.104144
20,-0.41396700000000003,0.155271,0.157143
21,-0.203562,0.019044,0.20899299999999998
22,-0.135508,-0.05354299999999999,0.187129
23,-0.198228,-0.041451999999999996,0.14822000000000002
24,-0.245743,0.000534,0.079468
25,-0.207058,-0.047099,-0.030227999999999998
26,-0.064098,-0.14308800000000002,-0.125246
27,0.092592,-0.1862,-0.135847
28,0.19492400000000001,-0.147378,-0.07643
29,0.218189,-0.148704,-0.0314
30,0.20419,-0.16893,-0.022926
31,0.203042,-0.178547,-0.014376
32,0.211615,-0.149896,0.005943
33,0.191422,-0.1105,0.028183999999999997
34,0.238325,-0.157382,-0.009884
35,0.160425,-0.118931,0.032251
36,0.171204,-0.041417,0.085638
37,0.11678399999999999,-0.015771,0.112999
38,0.06791,0.02808,0.111533
39,0.016773,0.042116,0.10902200000000001
40,-0.005713,0.014536000000000002,0.099286
41,-0.016463,-0.021573,0.081098
42,0.0071519999999999995,-0.0141,0.056684000000000005
43,0.006272,-0.0033200000000000005,0.025685000000000003
44,-0.026672,0.008581,0.008348000000000001
45,-0.053252,0.024669999999999997,0.0038689999999999996
46,-0.036187000000000004,0.035217,0.015725
47,-0.008477,0.029789,0.016994
48,0.0044020000000000005,0.034057,0.00426
49,0.07495800000000001,0.020145,-0.041163
50,-0.025608999999999996,-0.052965,-0.052453999999999994
51,-0.08965,0.017259,0.023921
52,0.030001999999999997,0.172954,0.145266
53,0.08832899999999999,0.101351,0.152175
54,0.0841,0.00591,0.047582
55,0.012806999999999999,-0.04142,-0.042586
56,-0.005219,-0.041257999999999996,-0.06728200000000001
57,0.016099000000000002,-0.004215,-0.025519
58,0.035274,0.020096,0.005562
59,0.005449,0.032975,0.0074730000000000005
60,-0.018987999999999998,0.048004000000000005,-0.000194
61,-0.032770999999999995,0.044946,-0.022719
62,-0.059375,0.039794,-0.043195
63,-0.042286000000000004,0.043995,-0.043081
64,-0.020012000000000002,0.038497,-0.019417
65,-0.012726000000000001,0.027699,0.010558
66,-0.018261000000000003,0.011623999999999999,0.039382
67,-0.016214,0.005173,0.052223
68,0.000933,0.012609,0.042719
69,0.023441999999999998,0.010502,0.017242
70,0.028935000000000002,0.026539,-0.001968
71,0.019453,0.035168,-0.020205
72,0.0067269999999999995,0.027852999999999996,-0.044854000000000005
73,-0.00496,0.019449,-0.064153
74,-0.010247,0.025876,-0.068471
75,-0.004912,0.031163,-0.063099
76,0.006756,0.033184,-0.045929000000000005
77,0.025925999999999998,0.039452999999999995,-0.031916
78,0.017391,0.047971,-0.023441
79,0.00246,0.052271000000000005,-0.020346
80,-0.010405,0.04059,-0.018284
81,-0.006142,0.047998,-0.009718000000000001
82,-0.0062380000000000005,0.038363,0.0020440000000000002
83,0.0055119999999999995,0.037274,-0.002146
84,0.017357,0.04688,-0.01703
85,0.014256999999999999,0.057590999999999996,-0.028816
86,0.001489,0.056603999999999995,-0.03745
87,-0.006018,0.050230000000000004,-0.035358
88,-0.008209000000000001,0.045943,-0.026822000000000002
89,-0.012529,0.045911,-0.015101
90,-0.015811000000000002,0.039483,-0.0033659999999999996
91,-0.012654,0.036251,0.00307
92,-0.006253,0.036229000000000004,0.0031149999999999997
93,-0.009424,0.041569999999999996,0.002017
94,-0.012543,0.051203,-0.006562999999999999
95,-0.003956,0.052280999999999994,-0.017186
96,-0.004023,0.039488999999999996,-0.015034
97,0.004526,0.044777,-0.012844
98,0.003469,0.046912,-0.012855000000000002
99,0.003498,0.052242,-0.013928999999999999
100,0.006718000000000001,0.056491999999999994,-0.013912
101,0.005665,0.054387,-0.019258
102,0.004579,0.050129,-0.01926
103,-0.0007700000000000001,0.051196,-0.015026
104,-0.009348,0.046944,-0.009739
105,-0.01684,0.044826,-0.0065840000000000004
106,-0.012534,0.051212,-0.008699
107,-0.009309,0.052283,-0.012950999999999999
108,-0.009314,0.049095,-0.015083000000000001
109,-0.006099,0.050158,-0.017197999999999998
110,-0.0050420000000000005,0.046963,-0.018255
111,-0.001832,0.050143,-0.017169
112,0.002455,0.056511,-0.015009999999999999
113,-0.005004,0.053363,-0.0204
114,-0.007123,0.054444000000000006,-0.022552000000000003
115,-0.007118000000000001,0.055509,-0.022553999999999998
116,-0.003951,0.051224,-0.019321
117,-0.0018559999999999998,0.046939,-0.015028
118,-0.00299,0.040517000000000004,-0.006481999999999999
119,-0.006142,0.046937,-0.010785
120,0.003503,0.059673000000000004,-0.007529999999999999
121,-0.0071849999999999995,0.051205999999999995,-0.011866
122,-0.0039030000000000002,0.062938,-0.018268
123,-0.006118,0.04908,-0.013993
124,-0.007195,0.046952999999999995,-0.013996999999999999
125,-0.002927,0.046938,-0.013966999999999999
126,-0.003994,0.049063999999999997,-0.011840999999999999
127,0.000278,0.052236000000000005,-0.009679
128,-0.002942,0.044802999999999996,-0.012897
129,-0.002961,0.041602999999999994,-0.011824
130,-0.002951,0.044795,-0.010759999999999999
131,0.00135,0.058602999999999995,-0.004339
132,-0.00831,0.046914,-0.0033229999999999996
133,-0.007243,0.043727999999999996,-0.006516
134,-0.002956,0.046912999999999996,-0.007558
135,-0.001913,0.042644,-0.006476999999999999
136,-0.0008699999999999999,0.039436,-0.00433
137,0.00123,0.034093,-0.002172
138,0.0033159999999999995,0.030860000000000002,0.005325
139,0.0075450000000000005,0.027627999999999996,0.0107
140,0.006462999999999999,0.027619,0.013897
141,0.004325,0.027622000000000004,0.01495
142,0.00112,0.024446000000000002,0.012795
143,0.001105,0.023372,0.014933000000000002
144,0.004311,0.025488,0.016021
145,0.003229,0.023356000000000002,0.017084000000000002
146,0.004301,0.022296,0.014957
147,0.007515999999999999,0.025481,0.014975
148,0.0032869999999999996,0.028713,0.0096
149,0.008688,0.039363999999999996,0.005351
150,0.003244,0.02443,0.014946000000000001
151,0.007492,0.02652,0.021383000000000003
152,0.008520999999999999,0.019055000000000002,0.022468000000000002
153,0.004282,0.024401,0.021363
154,0.00433,0.029749,0.016015
155,0.005416,0.028701,0.010683
156,0.007526000000000001,0.023367,0.010705
157,0.009635,0.023338,0.016061000000000002
158,0.0064010000000000004,0.022259,0.022449
159,0.001076,0.021225,0.019208000000000003
160,-0.006358,0.023403,0.013812
161,-0.006291,0.029827999999999997,0.005259000000000001
162,-0.00521,0.034082,0.0063289999999999996
163,-0.003114,0.029796,0.010622
164,0.001091,0.024421,0.019204
165,0.005339,0.026511,0.025641000000000004
166,0.002153,0.030779,0.026681
167,0.005377000000000001,0.029727999999999997,0.020296
168,0.00644,0.026537,0.018171
169,0.006425,0.025463,0.020308
170,0.005372999999999999,0.030785000000000003,0.022431
171,0.00433,0.032931999999999996,0.019216
172,0.002225,0.036148,0.015993
173,0.004382,0.034039,0.008533
174,0.002263,0.037243,0.008514
175,-0.0008939999999999999,0.042597,0.004212
176,0.002321,0.047904,0.006364
177,-0.0009710000000000001,0.034041,0.012768
178,-0.002043,0.035102,0.014896000000000001
179,-0.004186,0.031917,0.013817
180,-0.0031190000000000002,0.031914,0.013824000000000001
181,0.00221,0.03083,0.013863
182,0.0032770000000000004,0.031887,0.014937
183,0.003282,0.03083,0.012802000000000001
184,0.0033200000000000005,0.034047,0.007456999999999999
185,0.002273,0.035129,0.0042439999999999995
186,0.0033439999999999998,0.037252,0.0053170000000000005
187,0.002297,0.041517,0.005304
188,0.000168,0.042589,0.005288
189,-0.0008939999999999999,0.042597,0.004212
190,-0.001956,0.041544,0.00207
191,-0.000909,0.03834,0.003149
192,-0.000923,0.037267,0.005287
193,0.001196,0.038307,0.009573
194,0.001206,0.040438,0.009571
195,0.00122,0.040451,0.006365999999999999
196,-0.0009130000000000001,0.039397,0.0052840000000000005
197,-0.0019850000000000002,0.038336,0.005278
198,0.00015800000000000002,0.04152,0.006357
199,0.002292,0.041512,0.006372
200,0.000153,0.039393,0.005292
201,0.00122,0.038329,0.004232
202,-0.000923,0.037267,0.005287
203,-0.006224,0.04262,0.003107
204,-0.001923,0.043696,-0.003274
205,0.001201,0.038312,0.008505
206,0.004411,0.041492,0.009592
207,0.005464,0.038293,0.009603
208,0.0033399999999999997,0.03937,0.008519
209,0.0033490000000000004,0.039377999999999996,0.006382
210,0.0033399999999999997,0.036187000000000004,0.005318
211,0.001225,0.038333,0.003164
212,0.002292,0.040451,0.005305
213,0.002297,0.042578,0.006371
214,0.000134,0.037254,0.007431
215,-0.0009130000000000001,0.040458,0.006351
216,-0.0008939999999999999,0.040475,0.002078
217,-0.0041,0.038360000000000005,0.00099
218,-0.004085,0.040494999999999996,-8e-05
219,-0.003018,0.041552,0.0009939999999999999
220,-0.004071,0.04263,-0.001151
221,-0.0019370000000000001,0.043683,-7e-05
222,-0.0008699999999999999,0.043680000000000004,-6.2e-05
223,0.001263,0.044732999999999995,0.0010199999999999999
224,0.000168,0.041527999999999995,0.004221
225,-0.000918,0.038332,0.005286
226,-0.003062,0.03727,0.00634
227,-0.002,0.036201,0.0063490000000000005
228,0.000129,0.035128,0.006365
229,0.000139,0.035137,0.004229
230,0.002287,0.039386000000000004,0.005307
231,0.0033590000000000004,0.039387,0.004246
232,0.000168,0.040467,0.003154
233,0.002316,0.039412,-0.001103
234,-0.003023,0.041548,0.002062
235,-0.010467,0.043717,-0.0011970000000000001
236,-0.004037,0.046904,-0.004361
237,0.002273,0.038312,0.007444
238,0.001191,0.038303,0.010641
239,0.00223,0.029786,0.008523000000000001
240,0.0033200000000000005,0.036169,0.009590999999999999
241,0.005459,0.037226999999999996,0.009604000000000001
242,0.0044020000000000005,0.035118,0.005327
243,0.0033539999999999998,0.038321,0.004247
244,0.002282,0.035138,0.002107
245,0.0033539999999999998,0.038321,0.004247
246,-0.003042,0.038348,0.003134
247,-0.006219,0.041563,0.0009720000000000001
248,-0.006224,0.039437,-9.4e-05
249,-0.005157,0.039432999999999996,-8.7e-05
250,-0.0073,0.039432,0.0020350000000000004
251,-0.006224,0.041559,0.0020399999999999997
252,-0.003023,0.042608999999999994,0.003129
253,-0.0019760000000000003,0.040466,0.005275
254,0.000144,0.039385,0.007428
255,0.0033399999999999997,0.038308999999999996,0.007451999999999999
256,0.004392,0.035108999999999994,0.007462999999999999
257,0.004378,0.032974,0.008534
258,0.003311,0.034039,0.009594
259,0.002258,0.035116,0.007448000000000001
260,0.002258,0.036177,0.008515
261,0.002278,0.038316,0.006376
262,0.000153,0.040454000000000004,0.006359
263,0.000168,0.041527999999999995,0.004221
264,-0.001961,0.043662,0.0052710000000000005
265,-0.0040950000000000005,0.041547,0.003123
266,-0.003014,0.041556,-7.4e-05
267,-0.003018,0.042613,0.002061
268,-0.008348000000000001,0.042636,0.0009550000000000001
269,-0.005109000000000001,0.044781,-0.0054340000000000005
270,0.002287,0.035142,0.001039
271,-0.0009660000000000001,0.030862,0.008499
272,0.0011769999999999999,0.032985,0.008512
273,0.00011999999999999999,0.03512,0.008502
274,0.002278,0.037255,0.005309
275,0.004411,0.037248,0.005324000000000001
276,0.0033399999999999997,0.036187000000000004,0.005318
277,0.001215,0.038324000000000004,0.0053
278,0.000149,0.038327999999999994,0.005293
279,-0.003042,0.038348,0.003134
280,-0.0030280000000000003,0.040483,0.0020629999999999997
281,-0.001961,0.040479,0.002071
282,-0.0030329999999999997,0.039417,0.002065
283,-0.0008990000000000001,0.037288,-5.4000000000000005e-05
284,0.001235,0.038342,0.0010279999999999998
285,0.0033590000000000004,0.039387,0.004246
286,0.0033590000000000004,0.040448000000000005,0.005313
287,0.000153,0.038332,0.004225
288,-0.0019850000000000002,0.038336,0.005278
289,-0.003052,0.036217,0.003137
290,-0.005186,0.035164,0.002055
291,-0.004124,0.035156,0.0031309999999999997
292,-0.003047,0.036222000000000004,0.002069
293,-0.0019760000000000003,0.035161000000000005,-5.9e-05
294,-0.0008990000000000001,0.03941,0.0020800000000000003
295,-0.0008939999999999999,0.040475,0.002078
296,-0.001971,0.038348,0.002074
297,0.000173,0.03835,-4.8e-05
298,-0.0008990000000000001,0.038349,0.001013
299,-0.0019760000000000003,0.037283,0.002075
300,-0.003047,0.039405,0.005268999999999999
301,-0.005171,0.039421,0.003118
302,-0.00088,0.04261,0.001007
303,0.005454,0.032979,0.006405
304,0.001168,0.032977,0.010648000000000001
305,0.005449,0.034036000000000004,0.00854
306,0.002268,0.036186,0.006379
307,0.004416,0.039374,0.00639
308,0.004425999999999999,0.039383,0.004253
309,0.000149,0.035144999999999996,0.002092
310,0.001235,0.039403,0.002095
311,-0.001995,0.036205,0.005281
312,-0.007319,0.036232,0.003107
313,-0.005162,0.04049,0.002049
314,-0.005176,0.036233,0.000986
315,-0.001966,0.037292,-6.2e-05
316,-0.000904,0.037284,0.0010140000000000001
317,0.00015800000000000002,0.037276,0.00209
318,0.001225,0.037272,0.002097
319,0.002302,0.038338,0.001035
320,0.0012109999999999998,0.036198,0.004235
321,0.001201,0.035129,0.005304
322,-0.0020039999999999997,0.035136,0.00635
323,-0.002009,0.035131,0.007418999999999999
324,-0.000942,0.034067,0.006359
325,-0.002,0.034079000000000005,0.004215
326,-0.001995,0.035144,0.004214
327,-0.0009130000000000001,0.036213999999999996,0.002084
328,0.001235,0.040464,0.0031609999999999997
329,0.000168,0.039406000000000004,0.0020870000000000003
330,0.000177,0.040476,0.001018
331,-0.0008849999999999999,0.041545,0.001009
332,-0.00409,0.042613,0.003121
333,-0.004065999999999999,0.044756,-8.6e-05
334,-0.001928,0.045814,-7.2e-05
335,0.000129,0.034067,0.005298
336,-0.000933,0.036197,0.0063560000000000005
337,0.001206,0.037255,0.006370000000000001
338,0.002287,0.040447000000000004,0.006372999999999999
339,0.002302,0.041520999999999995,0.004236
340,0.004445,0.041522,0.002114
341,0.004445,0.040461000000000004,0.001047
342,0.002306,0.040464,0.002101
343,-0.000904,0.038345,0.002081
344,-0.006233,0.04049,0.003109
345,-0.007291,0.040501999999999996,0.000965
346,-0.006229,0.038372,-9.300000000000001e-05
347,-0.007281,0.040510000000000004,-0.0011710000000000002
348,-0.0030039999999999997,0.042626,-0.001144
349,-0.001928,0.042631,-0.003273
350,0.00021099999999999998,0.042628,-0.004326
351,-0.001928,0.042631,-0.003273
352,0.000206,0.043684,-0.002191
353,-0.0019370000000000001,0.041561,-0.002203
354,-0.004085,0.039434,-0.001147
355,-0.005138,0.041572000000000005,-0.002226
356,-0.006219,0.040501999999999996,-9.499999999999999e-05
357,-0.004076,0.041564,-0.00115
358,-0.005143,0.041568,-0.001157
359,-0.003009,0.042622,-7.6e-05
360,-0.001923,0.044757,-0.002207
361,-0.001913,0.044766,-0.004344
362,-0.0008560000000000001,0.042631,-0.004333
363,-0.002999,0.041569,-0.003279
364,-0.006195,0.042645999999999996,-0.003303
365,-0.006147,0.050115,-0.006516
366,-0.005095000000000001,0.047977,-0.005438
367,-0.003057,0.034091,0.002071
368,-0.003042,0.039409,0.004201
369,-0.001971,0.037287,0.001007
370,0.0012490000000000001,0.043658999999999996,0.003157
371,0.0033880000000000004,0.043656,0.002104
372,0.0044399999999999995,0.038335,-1.8e-05
373,0.0033829999999999997,0.038347000000000006,-0.0021620000000000003
374,0.0012439999999999999,0.039411,-4.2e-05
375,-0.004085,0.040494999999999996,-8e-05
376,-0.006209,0.041572000000000005,-0.001165
377,-0.008329000000000001,0.042652999999999996,-0.003317
378,-0.0094,0.041592000000000004,-0.003324
379,-0.007262,0.042649,-0.00331
380,-0.005118999999999999,0.042651,-0.005432
381,-0.0051329999999999995,0.041576999999999996,-0.0032939999999999996
382,-0.002994,0.042635,-0.00328
383,-0.0030039999999999997,0.041565,-0.002211
384,-0.0019320000000000001,0.042627,-0.002205
385,-0.006195,0.042645999999999996,-0.003303
386,-0.007267,0.040523,-0.004376
387,-0.005138,0.040511,-0.0032920000000000002
388,-0.001947,0.040492,-0.001134
389,-0.0030280000000000003,0.038361,-7e-05
390,-0.0008939999999999999,0.037292,-0.0011220000000000002
391,-0.0008849999999999999,0.039423,-0.001125
392,0.000173,0.037288999999999996,-0.001115
393,-0.0008849999999999999,0.040484,-5.7999999999999994e-05
394,-0.0008699999999999999,0.044741,0.001005
395,0.002349,0.045807,-0.002179
396,0.001182,0.028745999999999997,0.003176
397,0.00011999999999999999,0.034059,0.007435
398,0.000125,0.036185,0.0085
399,0.001196,0.038307,0.009573
400,0.004425999999999999,0.039383,0.004253
401,0.000182,0.038357999999999996,-0.002184
402,0.001254,0.038359,-0.0032450000000000005
403,0.004445,0.041522,0.002114
404,0.00015800000000000002,0.038337,0.003157
405,-0.0030280000000000003,0.039422000000000006,0.000997
406,-0.0030329999999999997,0.038356,0.000998
407,-0.005167000000000001,0.037302999999999996,-8.4e-05
408,-0.000909,0.036218,0.001015
409,-0.00198,0.035157,0.001009
410,0.000129,0.033006,0.004231
411,0.000139,0.036198,0.005296
412,0.000149,0.037267,0.004226
413,0.001196,0.035124,0.006372999999999999
414,0.001172,0.030858999999999998,0.0074459999999999995
415,0.00011499999999999999,0.034054,0.008503
416,0.00011,0.031928,0.007437
417,0.003311,0.029795,0.005326
418,0.0022489999999999997,0.029802999999999996,0.00425
419,-0.003071,0.033017000000000005,0.004209
420,0.000149,0.038327999999999994,0.005293
421,-0.004109000000000001,0.040474,0.005261
422,0.0012779999999999998,0.046868,-5.1e-05
423,0.002273,0.035129,0.0042439999999999995
424,-0.0009660000000000001,0.032984,0.010633
425,0.0033439999999999998,0.038313,0.006384
426,0.0033299999999999996,0.035117,0.0063880000000000004
427,0.003325,0.037235000000000004,0.009590000000000001
428,0.003311,0.032978,0.008527
429,0.0033060000000000003,0.030851999999999997,0.007461
430,0.001196,0.034063,0.005306
431,0.000149,0.038327999999999994,0.005293
432,-0.003066,0.037266,0.007408
433,-0.003062,0.038331,0.0074069999999999995
434,-0.00199,0.036209,0.004213000000000001
435,-0.000918,0.03621,0.003152
436,-0.000909,0.037279,0.002082
437,-0.000909,0.03834,0.003149
438,-0.003062,0.035148,0.0042060000000000005
439,-0.001995,0.035144,0.004214
440,-0.000909,0.03834,0.003149
441,-0.0009279999999999999,0.034079000000000005,0.0031550000000000003
442,-0.000918,0.038332,0.005286
443,-0.003052,0.037278,0.004204
444,-0.002,0.036201,0.0063490000000000005
445,0.000129,0.035128,0.006365
446,0.000139,0.035137,0.004229
447,0.001196,0.035124,0.006372999999999999
448,-0.003047,0.038344,0.004202
449,0.001263,0.044732999999999995,0.0010199999999999999
450,0.0044020000000000005,0.035118,0.005327
451,0.000101,0.030858999999999998,0.008506999999999999
452,0.004368,0.034026999999999995,0.011737000000000001
453,0.004354,0.030831,0.011741
454,0.005435,0.034023000000000005,0.011745
455,0.004382,0.032978,0.0074659999999999995
456,0.005454,0.032979,0.006405
457,0.0033299999999999996,0.035117,0.0063880000000000004
458,0.00011999999999999999,0.034059,0.007435
459,0.00011,0.032989,0.008504000000000001
460,-0.0009609999999999999,0.032989,0.009565
461,0.000129,0.035128,0.006365
462,0.001196,0.034063,0.005306
463,0.000144,0.036202,0.004228
464,0.002268,0.036186,0.006379
465,0.00011999999999999999,0.031937,0.005301
466,0.0022489999999999997,0.032986,0.007451
467,0.002239,0.032977,0.009587
468,-0.0009519999999999999,0.032997000000000005,0.007429000000000001
469,0.00011499999999999999,0.034054,0.008503
470,0.00011999999999999999,0.034059,0.007435
471,0.001187,0.032994,0.006375
472,0.00223,0.029786,0.008523000000000001
473,0.001163,0.029789999999999997,0.008516
474,0.00221,0.028707999999999997,0.011729
475,-0.0009570000000000001,0.034054,0.009564
476,0.002306,0.041525,0.003168
477,0.006511,0.031906,0.007481999999999999
478,0.003296,0.032964999999999994,0.011731
479,0.000105,0.031924,0.008506
480,0.000105,0.029802,0.006372
481,0.005445,0.031909,0.007475
482,0.004392,0.03617,0.00853
483,-0.0009279999999999999,0.039383999999999995,0.008489
484,-0.005171,0.040482,0.004185
485,-0.006224,0.040498,0.000973
486,-0.004076,0.042625,-8.3e-05
487,0.001239,0.040468000000000004,0.002093
488,-0.000904,0.039406000000000004,0.003148
489,-0.0009279999999999999,0.036201,0.005288
490,0.0022440000000000003,0.032982,0.008519
491,0.008616,0.028689999999999997,0.010706
492,0.008612,0.029745999999999998,0.012841
493,0.006516,0.037215,0.011748
494,0.002278,0.039376999999999995,0.007443000000000001
495,0.0033490000000000004,0.037256,0.004249
496,0.005478,0.037244,0.005332
497,0.006540000000000001,0.036175,0.00534
498,0.00015800000000000002,0.040458999999999995,0.0052899999999999996
499,-0.001966,0.038353,0.001005
500,0.001225,0.037272,0.002097
501,-0.000904,0.038345,0.002081
502,-0.004109000000000001,0.039413,0.004194
503,-0.012606000000000001,0.044782,0.000923
504,-0.009381,0.047975,-0.0011949999999999999
505,0.004416,0.040435000000000006,0.007456999999999999
506,0.006497,0.038258999999999994,0.017088
507,0.006497,0.036137,0.014953999999999999
508,0.006511,0.035088999999999995,0.010683
509,0.009722,0.036147000000000006,0.009636
510,0.011845999999999999,0.032948000000000005,0.008586
511,0.010787999999999999,0.035082,0.008576
512,0.006534999999999999,0.036170999999999995,0.006409000000000001
513,0.0033350000000000003,0.036182,0.006386
514,-0.0009369999999999999,0.036193,0.007425
515,-0.0051909999999999994,0.037282,0.005257
516,-0.008367,0.042619,0.005228
517,-0.007295,0.041559,0.0031
518,-0.005162,0.039429,0.000982
519,-0.0041,0.039421,0.0020570000000000002
520,0.00015800000000000002,0.039398,0.004224
521,0.002287,0.038325,0.00424
522,0.002278,0.036194,0.004242
523,0.0033350000000000003,0.035121,0.005319
524,0.001201,0.034068,0.0042380000000000004
525,0.002268,0.034064,0.0042450000000000005
526,0.000125,0.035124,0.0074329999999999995
527,0.001196,0.037246,0.008506
528,-0.000923,0.04045,0.008487
529,0.000144,0.038324000000000004,0.006361
530,-0.000918,0.038332,0.005286
531,-0.001971,0.039409,0.00314
532,0.000168,0.040467,0.003154
533,0.000173,0.040472,0.0020859999999999997
534,-0.0040950000000000005,0.040486,0.0020559999999999997
535,-0.008343000000000001,0.04264,-0.000113
536,0.0012490000000000001,0.039415,-0.0011099999999999999
537,0.0022440000000000003,0.031921,0.007451999999999999
538,0.0033060000000000003,0.035095999999999995,0.011729
539,0.0022489999999999997,0.034047,0.008518000000000001
540,0.002258,0.036177,0.008515
541,0.005449,0.035097,0.009607
542,0.002268,0.035125,0.005312
543,0.0044210000000000005,0.038318,0.004255
544,0.0033590000000000004,0.040448000000000005,0.005313
545,0.000144,0.037263,0.005294
546,-0.003042,0.038348,0.003134
547,-0.00198,0.037279,0.003143
548,-0.00198,0.035157,0.001009
549,-0.000918,0.03621,0.003152
550,-0.0009130000000000001,0.037275,0.003151
551,-0.0019760000000000003,0.039405,0.004209
552,-0.00198,0.03834,0.00421
553,-0.003047,0.038344,0.004202
554,-0.000918,0.038332,0.005286
555,0.000144,0.037263,0.005294
556,-0.000918,0.03621,0.003152
557,-0.0009130000000000001,0.036213999999999996,0.002084
558,-0.0019850000000000002,0.034092000000000004,0.001011
559,0.000149,0.035144999999999996,0.002092
560,0.000149,0.037267,0.004226
561,0.00015800000000000002,0.039398,0.004224
562,-0.0009130000000000001,0.037275,0.003151
563,0.00015800000000000002,0.038337,0.003157
564,0.000153,0.038332,0.004225
565,-0.000904,0.041527999999999995,0.005282
566,-0.001961,0.039418,0.001004
567,-0.0041140000000000005,0.036225,0.002061
568,-0.004104,0.039417,0.003125
569,-0.0019370000000000001,0.042622,-0.0011359999999999999
570,0.002278,0.036194,0.004242
571,0.001187,0.035116,0.008509000000000001
572,0.002268,0.036186,0.006379
573,0.002282,0.038321,0.005308
574,0.0033539999999999998,0.040443,0.006381
575,0.0033640000000000002,0.040451999999999995,0.0042450000000000005
576,0.0012439999999999999,0.041533,0.002092
577,0.0012490000000000001,0.043658999999999996,0.003157
578,-0.001966,0.041536000000000003,0.0042060000000000005
579,-0.005167000000000001,0.040486,0.003117
580,-0.010482,0.041582999999999995,-0.000127
581,-0.0051329999999999995,0.042638,-0.002227
582,-0.0030039999999999997,0.041565,-0.002211
583,-0.002994,0.042635,-0.00328
584,-0.002994,0.044757,-0.001146
585,-0.0030039999999999997,0.043687000000000004,-7.7e-05
586,-0.000875,0.042614,-6.1e-05
587,-0.001947,0.041553,-6.7e-05
588,-0.004076,0.042625,-8.3e-05
589,-0.004079999999999999,0.04156,-8.2e-05
590,-0.005157,0.039432999999999996,-8.7e-05
591,-0.005162,0.038368,-8.499999999999999e-05
592,-0.005167000000000001,0.038363999999999995,0.000983
593,-0.001961,0.040479,0.002071
594,-0.004079999999999999,0.04156,-8.2e-05
595,-0.001947,0.041553,-6.7e-05
596,-0.0019320000000000001,0.043688,-0.0011380000000000001
597,-0.0019420000000000001,0.042618,-6.8e-05
598,-0.004061,0.04476,-0.0011539999999999999
599,-0.0051329999999999995,0.041576999999999996,-0.0032939999999999996
600,-0.0051329999999999995,0.041576999999999996,-0.0032939999999999996
601,-0.005157,0.038372,-0.001153
602,-0.006224,0.041559,0.0020399999999999997
603,-0.007233,0.049041,-0.0033179999999999998
604,-0.000837,0.04477,-0.0064730000000000005
605,-0.0008990000000000001,0.037288,-5.4000000000000005e-05
606,-0.000866,0.045806,0.001003
607,-0.0019320000000000001,0.043688,-0.0011380000000000001
608,0.00021600000000000002,0.047937,-5.9999999999999995e-05
609,0.0012779999999999998,0.045807,-0.001118
610,0.00020099999999999998,0.041558,-0.003257
611,0.000206,0.043684,-0.002191
612,-0.000875,0.041553,-0.0011279999999999999
613,-0.007291,0.040501999999999996,0.000965
614,-0.007271,0.042641000000000005,-0.001174
615,-0.006209,0.041572000000000005,-0.001165
616,-0.005162,0.038368,-8.499999999999999e-05
617,-0.001952,0.038364999999999996,-0.002199
618,-0.003014,0.039434,-0.002208
619,-0.001952,0.038364999999999996,-0.002199
620,-0.003018,0.040491,-7.3e-05
621,-0.0030329999999999997,0.039417,0.002065
622,-0.000909,0.03834,0.003149
623,-0.00198,0.037279,0.003143
624,-0.003071,0.034078,0.0052759999999999994
625,-0.0020039999999999997,0.034075,0.0052829999999999995
626,-0.000947,0.031939999999999996,0.005294
627,0.001187,0.030872000000000004,0.004242
628,0.0033299999999999996,0.031934,0.003187
629,0.005454,0.032979,0.006405
630,0.004378,0.031913,0.0074670000000000005
631,0.00011,0.030867000000000002,0.006371
632,0.000105,0.030862999999999998,0.007439
633,-0.0020280000000000003,0.032992,0.009558
634,-0.002,0.036201,0.0063490000000000005
635,0.001187,0.032994,0.006375
636,0.002182,0.022316,0.011737000000000001
637,0.005406,0.029752999999999998,0.013887
638,0.006462999999999999,0.026558,0.012830000000000001
639,0.006487000000000001,0.031883999999999996,0.012823
640,0.006511,0.032967,0.008549
641,0.007601999999999999,0.032984,0.0032159999999999997
642,0.007597,0.034041,0.005351
643,0.0054399999999999995,0.034026999999999995,0.010676999999999999
644,-0.0052380000000000005,0.031934,0.010605
645,-0.007348,0.031963,0.005249
646,-0.0020039999999999997,0.034075,0.0052829999999999995
647,0.001182,0.035112,0.009577
648,0.0033159999999999995,0.037226,0.011726
649,0.004386999999999999,0.035105000000000004,0.008531
650,0.004372999999999999,0.028725999999999998,0.005335
651,0.004359,0.027652,0.0074730000000000005
652,0.0054399999999999995,0.030844,0.007476000000000001
653,0.004372999999999999,0.03297,0.009602
654,0.001168,0.031916,0.009581000000000001
655,-0.003095,0.032996,0.00955
656,-0.0031,0.032992,0.010618
657,9.6e-05,0.031915,0.010642
658,0.003296,0.032964999999999994,0.011731
659,0.004359,0.031896,0.01174
660,0.004386999999999999,0.034044,0.007465
661,0.004392,0.031925999999999996,0.004263
662,0.0033200000000000005,0.032986,0.00639
663,0.000125,0.034063,0.006367
664,0.00015800000000000002,0.037276,0.00209
665,-0.0009570000000000001,0.028749,0.004229
666,0.004382,0.034039,0.008533
667,0.0032920000000000002,0.027656,0.007465
668,0.0011480000000000001,0.029776999999999998,0.01172
669,0.007515999999999999,0.027602999999999996,0.017109
670,0.012825999999999999,0.019075,0.013952
671,0.009583,0.004193,0.008607
672,-0.009659000000000001,-0.004262,0.008484
673,-0.030925,0.007548,0.004047
674,-0.03512,0.013993,-0.005604
675,-0.022446999999999998,-0.012692,-0.0033450000000000003
676,-0.019424,-0.020288,0.028732
677,-0.072844,-0.022292,0.043317
678,-0.112198,-0.026291000000000002,0.012069
679,-0.114346,-0.05600499999999999,-0.014613999999999999
680,-0.07902,-0.031618,-0.016535
681,-0.050089999999999996,0.011893,-0.000365
682,-0.031924,0.021404,0.002954
683,-0.022174,0.045906,-0.005555
684,-0.076474,0.030279,-0.046507
685,-0.082563,0.09742200000000001,-0.048772
686,-0.117727,0.08697300000000001,-0.0693
687,-0.11008599999999999,0.11150299999999999,-0.083165
688,-0.12081199999999999,0.08920800000000001,-0.092825
689,-0.113301,0.096648,-0.094919
690,-0.093901,0.129646,-0.10550799999999999
691,-0.117329,0.11491300000000002,-0.130222
692,-0.11933800000000001,0.129885,-0.143074
693,-0.13526400000000002,0.142741,-0.147474
694,-0.15321400000000002,0.186472,-0.145519
695,-0.173441,0.198252,-0.143539
696,-0.180876,0.20361300000000002,-0.145734
697,-0.181885,0.20366800000000002,-0.15855999999999998
698,-0.177498,0.222858,-0.16603199999999999
699,-0.161332,0.256899,-0.168099
700,-0.17236500000000002,0.197196,-0.146735
701,-0.201925,0.22198,-0.191838
702,-0.20937399999999998,0.214596,-0.203631
703,-0.169775,0.244277,-0.201256
704,-0.15529,0.209873,-0.134881
705,-0.117595,0.197325,-0.226469
706,-0.118547,0.21122399999999997,-0.238244
707,-0.10365899999999999,0.198398,-0.24026
708,-0.082403,0.169603,-0.250757
709,-0.06963899999999999,0.15361,-0.258125
710,-0.052042,0.198581,-0.33069899999999997
711,-0.036164,0.15809600000000001,-0.343354
712,0.001066,0.128159,-0.34839699999999996
713,0.003339,0.1548,-0.352688
714,0.014897,0.132321,-0.335487
715,0.014619,0.093877,-0.31193899999999997
716,0.00043799999999999997,0.007708,-0.329019
717,-0.017087,-0.050993000000000004,-0.286337
718,-0.012522,-0.052864999999999995,-0.354669
719,0.00116,-0.10931300000000001,-0.36945700000000004
720,0.007461,-0.150804,-0.388587
721,0.00747,-0.139125,-0.378988
722,-0.0066,-0.170024,-0.36516
723,0.026563,-0.159449,-0.374556
724,0.031787,-0.214738,-0.405427
725,0.039471,-0.18062,-0.419304
726,0.027774,-0.186911,-0.43433299999999997
727,0.050413,-0.129486,-0.428907
728,0.002121,-0.192169,-0.42916400000000005
729,-0.010202,-0.060134,-0.40378200000000003
730,-0.06378400000000001,-0.011354000000000001,-0.30167
731,-0.082801,0.091796,-0.23997800000000002
732,-0.072113,0.134216,-0.20150099999999999
733,-0.10765999999999999,0.141464,-0.11843800000000002
734,-0.152722,0.168981,-0.034398000000000005
735,-0.164894,0.166512,0.06059199999999999
736,-0.12675999999999998,0.18205,0.13775
737,-0.10456700000000001,0.21255300000000002,0.215846
738,-0.115226,0.26671,0.268045
739,-0.145007,0.315702,0.296616
740,-0.171674,0.32216500000000003,0.301763
741,-0.193136,0.299848,0.306983
742,-0.22112800000000002,0.294414,0.358069
743,-0.250135,0.30600700000000003,0.41446700000000003
744,-0.29688000000000003,0.311651,0.375677
745,-0.34428200000000003,0.230769,0.396814
746,-0.30942600000000003,0.194261,0.43876499999999996
747,-0.259245,0.21534,0.451908
748,-0.21991,0.172638,0.44048699999999996
749,-0.184718,0.133245,0.404463
750,-0.221881,0.164303,0.39561799999999997
751,-0.269813,0.22819899999999999,0.44220299999999996
752,-0.230483,0.26719,0.513999
753,-0.252021,0.234195,0.525641
754,-0.24130500000000002,0.22465100000000002,0.505432
755,-0.299608,0.302642,0.49958400000000003
756,-0.381747,0.29338800000000004,0.487271
757,-0.37258600000000003,0.22611900000000001,0.5184
758,-0.34626999999999997,0.17266099999999998,0.5442899999999999
759,-0.31767,0.087497,0.505074
760,-0.336893,0.061022,0.482541
761,-0.378925,-0.12159400000000001,0.632033
762,-0.23900500000000002,-0.083852,0.396885
763,-0.236905,-0.123147,0.36490300000000003
764,-0.243889,-0.08025,0.299638
765,-0.220919,-0.032080000000000004,0.22175599999999998
766,-0.130958,-0.017233000000000002,0.160409
767,-0.045661,-0.050469,0.139683
768,-0.006365,-0.091083,0.138941
769,-0.015852,-0.08458099999999999,0.11963900000000001
770,0.024943,-0.072826,0.075043
771,0.11366500000000002,-0.10481199999999999,0.005201
772,0.238733,-0.147471,-0.091079
773,0.340382,-0.19955,-0.208875
774,0.366154,-0.25148000000000004,-0.29835900000000004
775,0.33111999999999997,-0.26711799999999997,-0.353063
776,0.301421,-0.253067,-0.377857
777,0.295149,-0.232771,-0.386473
778,0.293087,-0.2327,-0.402511
779,0.302766,-0.22948200000000002,-0.41633400000000004
780,0.289839,-0.259256,-0.418523
781,0.241787,-0.255944,-0.406044
782,0.211044,-0.183513,-0.37750900000000004
783,0.204533,-0.150697,-0.319913
784,0.23962399999999998,-0.155166,-0.298298
785,0.211689,-0.155244,-0.254696
786,0.14966300000000002,-0.110598,-0.177206
787,0.11343299999999999,-0.020247,-0.09639
788,0.110141,0.003025,-0.052646000000000005
789,0.062209,0.013871000000000001,-0.059404
790,0.016415,0.017287,-0.074683
791,0.012129000000000001,0.034261,-0.05337000000000001
792,-0.015696,0.053378999999999996,-0.015133
793,-0.038119,0.076782,0.012454
794,-0.061648,0.07044700000000001,0.018706999999999998
795,-0.07560800000000001,0.052377,0.020769
796,-0.054285,0.045924,0.017721999999999998
797,-0.003066,0.041510000000000005,0.011676
798,0.031088,0.040342,0.0076430000000000005
799,0.04068,0.024385,-0.006156
800,0.036412,0.020156,-0.010454000000000001
801,0.018276,0.028707,-0.002046
802,-0.000904,0.038345,0.002081
803,-0.0062770000000000005,0.035146,0.007389
804,-0.009511,0.03725,0.016977000000000003
805,-0.02016,0.055340999999999994,0.030767000000000003
806,-0.020155000000000003,0.057467,0.031832
807,-0.009544,0.041464,0.028722
808,0.0032340000000000003,0.027605,0.020283000000000002
809,0.004287,0.0191,0.014961000000000002
810,-0.018122,0.017052,0.013738
811,-0.043717,0.022455000000000003,0.016756999999999998
812,-0.055477,0.026719,0.026284
813,-0.048027999999999994,0.031981,0.035943
814,-0.027748000000000002,0.039346,0.041416
815,-0.02029,0.040372000000000005,0.044672
816,-0.032054,0.029776999999999998,0.04033
817,-0.028901,0.026541000000000002,0.047833999999999995
818,-0.005478,0.012623,0.044811000000000004
819,0.017953999999999998,-0.006591,0.034317
820,0.0277,0.006235,0.015141
821,0.032068,0.011615,-0.001927
822,0.037417,0.011609,-0.005095000000000001
823,0.040565,0.007306999999999999,0.0024100000000000002
824,0.047956,-0.0033979999999999995,0.008884999999999999
825,0.042622,-0.002318,0.009915
826,0.025657,0.010567,-0.0009029999999999999
827,0.014022999999999999,0.026613,-0.0074140000000000005
828,0.005478,0.037244,0.005332
829,0.001172,0.039347,0.015981
830,-0.002052,0.038276,0.020233
831,-0.004152,0.03513,0.00954
832,-0.008386,0.031992,-0.001168
833,-0.009424,0.032021,-0.0075840000000000005
834,-0.0029850000000000002,0.037337999999999996,-0.010751
835,-0.0008849999999999999,0.033056999999999996,-0.007526000000000001
836,0.005473,0.029813,-0.001068
837,0.011894,0.034052,-0.001029
838,0.015094,0.040407,0.0053950000000000005
839,0.021547999999999998,0.053163,0.006492
840,0.019482,0.068084,0.006458
841,-0.004989,0.071413,-0.0054670000000000005
842,-0.011362,0.061912,-0.021523
843,-0.012376,0.066206,-0.029013
844,-0.01127,0.071542,-0.032217
845,-0.015524000000000001,0.070508,-0.036518
846,-0.019834,0.069424,-0.028000999999999998
847,-0.021987,0.07259700000000001,-0.020543000000000002
848,-0.020919999999999998,0.07471599999999999,-0.018402
849,-0.024207,0.054491,-0.019466999999999998
850,-0.022131,0.042761,-0.018369
851,-0.004065999999999999,0.034145999999999996,-0.010754000000000001
852,0.008736,0.040467,-0.004264
853,0.015152,0.044702,-0.003156
854,0.029026,0.041474000000000004,-0.007328
855,0.048157,0.023306,-0.009307
856,0.066256,0.011538,-0.012371
857,0.076929,0.011505,-0.013364
858,0.065136,0.005129,-0.0070290000000000005
859,0.044895,0.017957,-0.000778
860,0.028906,0.024391999999999997,0.002307
861,0.016123,0.029758999999999997,0.003279
862,-0.009448,0.037305,0.003091
863,-0.021159999999999998,0.038428,-0.001265
864,-0.031781000000000004,0.043813,-0.006687
865,-0.043435,0.063025,-0.005725
866,-0.059342,0.081203,-0.009064000000000001
867,-0.05719400000000001,0.069537,-0.023989
868,-0.045448,0.066322,-0.029244
869,-0.039051999999999996,0.066295,-0.028132
870,-0.030469,0.071613,-0.033419
871,-0.019781,0.067349,-0.041885000000000006
872,-0.012347,0.057744000000000004,-0.043956999999999996
873,-0.00596,0.053465,-0.044975
874,-0.003807,0.05771799999999999,-0.044966000000000006
875,-0.009179999999999999,0.05558099999999999,-0.038591
876,-0.024125999999999998,0.06517300000000001,-0.026958
877,-0.036942,0.064144,-0.024909
878,-0.043391000000000006,0.057758000000000004,-0.020673
879,-0.045554000000000004,0.05774,-0.014279
880,-0.039119,0.069418,-0.009976
881,-0.029564999999999998,0.061915,-0.006695
882,-0.010415,0.051191,-0.0054789999999999995
883,-0.001884,0.05327899999999999,-0.002218
884,-0.001894,0.049027,-0.0043490000000000004
885,0.004493,0.042625,-0.007501000000000001
886,0.00554,0.042605000000000004,-0.003221
887,0.002321,0.047904,0.006364
888,0.00018700000000000002,0.054277,0.01275
889,0.004435000000000001,0.053184,0.015986
890,0.00866,0.042520999999999996,0.014961000000000002
891,0.009674,0.029738,0.013916
892,0.006449,0.026545,0.016034
893,0.0032530000000000002,0.029744,0.018144
894,0.0010960000000000002,0.030791000000000002,0.024537
895,0.002143,0.029708999999999996,0.027750999999999998
896,0.002148,0.030774,0.027749
897,0.002153,0.03184,0.027748000000000002
898,0.009616,0.030748,0.027801999999999997
899,0.025575999999999998,0.020044,0.026858999999999997
900,0.038373000000000004,0.016812,0.024816
901,0.042651,0.014684000000000001,0.020575
902,0.036297,0.016871,0.011982
903,0.027777,0.014791,0.0065840000000000004
904,0.024581,0.014806999999999999,0.005494
905,0.008612,0.021258000000000003,0.004306
906,-0.011611,0.034104,0.006285
907,-0.023366,0.038372,0.014743000000000001
908,-0.021184,0.042651,0.008343000000000001
909,-0.017953999999999998,0.040543,-0.000177
910,-0.016849,0.049062,-0.000181
911,-0.016806,0.057588,-0.001259
912,-0.013586,0.057594000000000006,-0.00551
913,-0.004004,0.049055,-0.009705
914,-0.0018989999999999999,0.043717,-0.008615000000000001
915,-0.001913,0.044766,-0.004344
916,-0.007271,0.042641000000000005,-0.001174
917,-0.007276,0.042637,-0.000105
918,-0.008381999999999999,0.038362,0.004164999999999999
919,-0.007305,0.042611,0.006304
920,-0.003038,0.040474,0.0042
921,0.0033640000000000002,0.039391,0.0031780000000000003
922,0.004425999999999999,0.035139,-1.4000000000000001e-05
923,0.002321,0.037294,-0.004304
924,0.001292,0.041576,-0.00859
925,0.003435,0.040516,-0.011778
926,0.00345,0.039468,-0.01605
927,-0.000813,0.041609,-0.015013999999999998
928,-0.0050799999999999994,0.04799,-0.008643000000000001
929,-0.005075,0.052238,-0.005444
930,-0.0050799999999999994,0.049051,-0.007576
931,-0.005075,0.046932999999999996,-0.010778
932,-0.00829,0.046931,-0.0075959999999999995
933,-0.01151,0.042681000000000004,-0.007613
934,-0.009372,0.046922000000000005,-0.004398
935,-0.004124,0.037278,0.005265
936,-0.0020280000000000003,0.035114,0.011691
937,-0.000942,0.035128,0.007426
938,0.0033299999999999996,0.032995,0.004254
939,0.008655,0.028724,0.00216
940,0.01396,0.022313999999999997,0.002205
941,0.012879,0.023366,0.006469
942,0.009687999999999999,0.027629,0.008578
943,0.009687999999999999,0.027629,0.008578
944,0.007554000000000001,0.027637000000000002,0.008563
945,0.002239,0.029794,0.0063869999999999994
946,-0.00199,0.035148,0.003146
947,-0.001971,0.036226,-5.9999999999999995e-05
948,-0.003042,0.035164999999999995,-6.6e-05
949,-0.000918,0.031966,-0.001116
950,-0.0019760000000000003,0.0341,-0.001126
951,-0.001956,0.036239,-0.0032649999999999997
952,-0.000889,0.038357999999999996,-0.001124
953,0.001235,0.03622,-0.001106
954,-0.001966,0.036231,-0.0011279999999999999
955,-0.0008939999999999999,0.03517,-0.003256
956,0.000182,0.035175,-0.005385
957,0.001259,0.037301999999999995,-0.005379999999999999
958,-0.001923,0.039452,-0.007542
959,-0.001918,0.037334,-0.010743
960,-0.00088,0.035183,-0.006461
961,-0.004085,0.039434,-0.001147
962,-0.008338,0.041583999999999996,-0.002248
963,-0.004076,0.040503,-0.0022170000000000002
964,-0.0052,0.031968,0.002059
965,-0.003038,0.035169,-0.001135
966,0.002297,0.031968,-0.004298
967,0.005502,0.035144,-0.002143
968,0.004435000000000001,0.037269,-1.7e-05
969,0.004425999999999999,0.035139,-1.4000000000000001e-05
970,0.005488,0.035131,0.001062
971,0.002292,0.037268,0.002105
972,-0.007286,0.042628,0.002031
973,-0.010482,0.044766,0.003074
974,-0.011539,0.044778,0.00093
975,-0.013696999999999999,0.043703,0.005189
976,-0.011595999999999999,0.043666,0.012681999999999999
977,-0.009448,0.044732,0.010559
978,-0.00731,0.039424,0.004171
979,-0.007286,0.039445,-0.00117
980,0.00018700000000000002,0.042606,0.001015
981,0.001239,0.038346,-4e-05
982,0.006555,0.035127,0.0010689999999999999
983,0.006559000000000001,0.037252999999999994,0.002135
984,0.003368,0.039395,0.002109
985,0.006569,0.037262,-2e-06
986,0.0033729999999999997,0.036216000000000005,-0.002159
987,0.0033829999999999997,0.038347000000000006,-0.0021620000000000003
988,0.002292,0.036206999999999996,0.001038
989,0.001206,0.037255,0.006370000000000001
990,0.000149,0.038327999999999994,0.005293
991,0.001158,0.029785000000000002,0.009584
992,0.002167,0.021242,0.013875
993,0.006449,0.019118,0.008565999999999999
994,0.0064730000000000005,0.022323,0.006426
995,0.008612,0.025502,0.008573
996,0.006478,0.027632,0.010692
997,0.005406,0.02657,0.010686
998,0.008592,0.021241,0.008579
999,0.011803,0.023361,0.008598
1000,0.006462999999999999,0.02868,0.014963999999999998
1001,-0.002023,0.038301999999999996,0.013824000000000001
1002,-0.012629999999999999,0.043699,0.005197
1003,-0.01794,0.0448,0.000886
1004,-0.014749000000000002,0.04372,0.001977
1005,-0.010467,0.045839,0.000936
1006,-0.005104,0.046907,-0.004369
1007,-0.003985,0.049072000000000005,-0.013978
1008,-0.011424,0.050185,-0.019372
1009,-0.01993,0.051302,-0.024774
1010,-0.023111000000000003,0.059817999999999996,-0.020534
1011,-0.022049000000000003,0.06511499999999999,-0.014124000000000001
1012,-0.026277999999999996,0.072591,-0.015231999999999999
1013,-0.035799,0.080124,-0.02599
1014,-0.047510000000000004,0.077003,-0.034614
1015,-0.043257,0.068487,-0.039914
1016,-0.027336000000000003,0.055626999999999996,-0.034444999999999996
1017,-0.014591,0.050226,-0.026872000000000004
1018,-0.011381,0.054467999999999996,-0.024718
1019,-0.016729,0.053412,-0.022618
1020,-0.029541,0.056632,-0.01737
1021,-0.027436000000000002,0.051294000000000006,-0.016281
1022,-0.016863999999999997,0.0395,-0.0065780000000000005
1023,-0.010544,0.036222000000000004,0.008426000000000001
1024,-0.009492,0.039389,0.014837999999999999
1025,-0.009506,0.036193,0.014842
1026,-0.010558,0.034087,0.009497
1027,-0.014802000000000001,0.036246,0.006259000000000001
1028,-0.011563,0.041574,0.003071
1029,-0.007271,0.043702,-0.00010700000000000001
1030,0.0034159999999999998,0.039438,-0.008572
1031,0.016222999999999998,0.038336,-0.010618
1032,0.022596,0.034044,-0.008431999999999999
1033,0.027911000000000002,0.029764999999999996,-0.008389
1034,0.025763,0.026576,-0.0084
1035,0.008717,0.033023000000000004,-0.007459
1036,-0.004065999999999999,0.036268,-0.008621
1037,-0.011525,0.044791000000000004,-0.002274
1038,-0.008338,0.04795,0.0041530000000000004
1039,-0.005143,0.044751,0.002043
1040,-0.000866,0.044745,-6.3e-05
1041,-0.005167000000000001,0.037302999999999996,-8.4e-05
1042,-0.00942,0.038392,-0.002251
1043,-0.00941,0.0384,-0.004388
1044,-0.006185,0.041593,-0.0065060000000000005
1045,-0.00298,0.043708,-0.005418
1046,-0.000842,0.045827,-0.004337
1047,0.004493,0.042625,-0.007501000000000001
1048,0.0034020000000000005,0.039425,-0.005368
1049,0.0076170000000000005,0.031936,-0.001056
1050,0.00976,0.03512,2.3e-05
1051,0.007645,0.035144999999999996,-0.004265
1052,0.008712000000000001,0.035141000000000006,-0.004257
1053,0.006559000000000001,0.030887,-0.004267
1054,0.005469,0.028748000000000003,-0.001067
1055,0.002263,0.029816000000000002,0.001046
1056,0.002258,0.030872000000000004,0.003181
1057,-0.000942,0.033006,0.005292
1058,-0.004124,0.038339,0.006331
1059,-0.006243,0.03942,0.0041789999999999996
1060,-0.003038,0.038352,0.002066
1061,-0.004104,0.037295,0.000992
1062,-0.003018,0.040491,-7.3e-05
1063,-0.0019420000000000001,0.041557,-0.001135
1064,-0.001961,0.038357,-6.3e-05
1065,-0.001956,0.039422000000000006,-6.4e-05
1066,-0.0030039999999999997,0.042626,-0.001144
1067,-0.004065999999999999,0.041573,-0.003286
1068,-0.0051329999999999995,0.039455000000000004,-0.0054280000000000005
1069,-0.006219,0.039441000000000004,-0.0011619999999999998
1070,-0.006229,0.039432999999999996,0.000974
1071,-0.001966,0.037292,-6.2e-05
1072,0.002278,0.030889,-0.001092
1073,0.007568999999999999,0.025527,0.003225
1074,0.009664,0.023364,0.009651999999999999
1075,0.008597,0.025490000000000002,0.011778
1076,0.008592,0.022302000000000002,0.009645
1077,0.006468000000000001,0.027623,0.012828
1078,0.0011769999999999999,0.035107,0.010645
1079,0.000144,0.039385,0.007428
1080,0.001187,0.035116,0.008509000000000001
1081,0.00011499999999999999,0.034054,0.008503
1082,0.004416,0.036191,0.003189
1083,0.007620999999999999,0.036184,0.002143
1084,0.006569,0.036201,-0.0010689999999999999
1085,0.002292,0.034085000000000004,-0.0010960000000000002
1086,0.005473,0.031935000000000005,0.001066
1087,0.0044020000000000005,0.032996,0.003193
1088,0.005469,0.036175,0.0064010000000000004
1089,0.004392,0.035108999999999994,0.007462999999999999
1090,0.0033399999999999997,0.034064,0.003184
1091,0.0033439999999999998,0.033007999999999996,0.001049
1092,0.0012109999999999998,0.034076,0.002101
1093,0.001215,0.033019,-3.4e-05
1094,0.0033399999999999997,0.031942,0.001051
1095,0.004406,0.033,0.002125
1096,0.002287,0.037264,0.003173
1097,0.001225,0.037272,0.002097
1098,0.000144,0.035141000000000006,0.0031609999999999997
1099,0.002278,0.036194,0.004242
1100,-0.0009279999999999999,0.03514,0.004221
1101,0.000129,0.033006,0.004231
1102,0.001196,0.034063,0.005306
1103,0.001191,0.036181,0.008508
1104,0.001201,0.035129,0.005304
1105,0.004397,0.034052,0.005328
1106,0.005469,0.034053,0.004267
1107,0.005459,0.035105000000000004,0.007470999999999999
1108,0.0022489999999999997,0.034047,0.008518000000000001
1109,0.0033399999999999997,0.034064,0.003184
1110,0.002239,0.030855,0.0074540000000000006
1111,-0.0009609999999999999,0.031928,0.008498
1112,0.000125,0.036185,0.0085
1113,0.002258,0.038299,0.010648999999999999
1114,0.004392,0.039353,0.011731
1115,0.002258,0.034055,0.006381
1116,0.000129,0.033006,0.004231
1117,-0.000923,0.036206,0.004220000000000001
1118,-0.00199,0.039392,0.0074129999999999995
1119,-0.000923,0.04045,0.008487
1120,-0.00198,0.039401,0.0052770000000000004
1121,-0.000909,0.039401,0.004215999999999999
1122,-0.0008990000000000001,0.040471,0.003147
1123,-0.004104,0.038356,0.002059
1124,-0.008353,0.041571,0.0009570000000000001
1125,-0.00942,0.038392,-0.002251
1126,-0.010491,0.041574,0.00201
1127,-0.006229,0.041555,0.0031079999999999997
1128,-0.006233,0.041551,0.004176
1129,-0.003023,0.039425999999999996,-7.2e-05
1130,-0.0030329999999999997,0.038356,0.000998
1131,0.00123,0.037276,0.001029
1132,0.002287,0.035142,0.001039
1133,0.000144,0.03408,0.002094
1134,-0.002,0.034079000000000005,0.004215
1135,-0.002014,0.035127,0.008487
1136,0.0012109999999999998,0.037259,0.005302
1137,0.0012109999999999998,0.036198,0.004235
1138,0.001201,0.03619,0.006371
1139,0.00122,0.037268,0.003165
1140,0.0044210000000000005,0.037257,0.003188
1141,0.004368,0.031905,0.009604000000000001
1142,0.003325,0.037235000000000004,0.009590000000000001
1143,0.002278,0.036194,0.004242
1144,0.004416,0.037252,0.004256
1145,0.005478,0.036183,0.004265
1146,0.0033490000000000004,0.039377999999999996,0.006382
1147,0.001206,0.037255,0.006370000000000001
1148,0.001196,0.036185,0.00744
1149,0.000129,0.036189,0.007431999999999999
1150,0.000134,0.039376,0.009564
1151,-0.002,0.037262,0.007416
1152,-0.000923,0.039389,0.007421
1153,-0.004118999999999999,0.039404,0.00633
1154,-0.004118999999999999,0.040465,0.007397
1155,-0.0019850000000000002,0.041519,0.008479
1156,-0.0009130000000000001,0.04258,0.008485
1157,0.000153,0.041514999999999996,0.007425
1158,0.001215,0.039385,0.006367
1159,0.000149,0.038327999999999994,0.005293
1160,0.00016299999999999998,0.038341,0.002088
1161,0.00123,0.037276,0.001029
1162,0.00016299999999999998,0.038341,0.002088
1163,0.00123,0.039398,0.003163
1164,0.00015800000000000002,0.038337,0.003157
1165,0.000153,0.038332,0.004225
1166,0.0033490000000000004,0.037256,0.004249
1167,0.002287,0.038325,0.00424
1168,0.001225,0.038333,0.003164
1169,0.002297,0.037273,0.001037
1170,0.002297,0.037273,0.001037
1171,0.00015800000000000002,0.038337,0.003157
1172,-0.0008990000000000001,0.040471,0.003147
1173,0.002297,0.040456,0.0042369999999999994
1174,0.0033060000000000003,0.034035,0.010662
1175,0.001187,0.037238,0.010643000000000001
1176,-0.0019760000000000003,0.041527,0.006342
1177,-0.000904,0.042589,0.0063479999999999995
1178,-0.003042,0.042592000000000005,0.007402
1179,-0.0041,0.042604,0.005258
1180,0.001215,0.039385,0.006367
1181,0.0033399999999999997,0.03937,0.008519
1182,0.004382,0.036161,0.010666
1183,0.0033299999999999996,0.037239,0.008520999999999999
1184,0.002278,0.036194,0.004242
1185,0.005478,0.035122,0.003198
1186,0.0033490000000000004,0.035134,0.0021149999999999997
1187,0.0044210000000000005,0.037257,0.003188
1188,0.001215,0.038324000000000004,0.0053
1189,0.002282,0.03726,0.004241
1190,0.00122,0.037268,0.003165
1191,0.000153,0.037271,0.0031579999999999998
1192,-0.000904,0.038345,0.002081
1193,-0.0009130000000000001,0.036213999999999996,0.002084
1194,-0.0041140000000000005,0.036225,0.002061
1195,-0.003042,0.04047,0.005268
1196,-0.003042,0.04047,0.005268
1197,-0.003047,0.039405,0.005268999999999999
1198,-0.005186,0.039408,0.006323
1199,-0.005171,0.041543000000000004,0.005252000000000001
1200,-0.0041,0.043664999999999995,0.006325
1201,-0.001966,0.042597,0.005273
1202,-0.001966,0.039414,0.002072
1203,-0.000904,0.039406000000000004,0.003148
1204,0.00123,0.038337,0.002096
1205,0.0012439999999999999,0.042594,0.003159
1206,-0.003018,0.046856999999999996,0.006328
1207,-0.0019370000000000001,0.050049,0.006332
1208,0.00016299999999999998,0.041524,0.005289
1209,-0.005219,0.038317000000000004,0.012733
1210,-0.013701,0.052187,0.014793
1211,-0.020045,0.06287000000000001,0.012598
1212,-0.010443000000000001,0.059654,0.009465000000000001
1213,-0.0062,0.051129,0.006301
1214,0.001273,0.051108,0.005285
1215,0.017262,0.0521,0.009668000000000001
1216,0.019367,0.045701,0.009691
1217,0.016128,0.038251,0.010745999999999999
1218,0.0075780000000000005,0.038268,0.013890999999999999
1219,0.0064730000000000005,0.035055,0.019228
1220,0.012831,0.032872000000000005,0.026753
1221,0.017065,0.028582999999999997,0.029993000000000002
1222,0.021322999999999998,0.031743,0.03536
1223,0.023418,0.028518,0.040719
1224,0.028729,0.025294999999999998,0.042897000000000005
1225,0.027638,0.018912,0.041829000000000005
1226,0.030829000000000002,0.013587,0.038654
1227,0.032967,0.014644999999999998,0.038668
1228,0.031886000000000005,0.012514,0.039731
1229,0.029751999999999997,0.012521,0.039716
1230,0.025494,0.015728,0.04075
1231,0.02337,0.017866,0.040733
1232,0.024456,0.017879,0.036467
1233,0.028743,0.017881,0.032225
1234,0.030905000000000002,0.01896,0.026897000000000004
1235,0.027729000000000004,0.020054,0.022601
1236,0.024519,0.020056,0.024715
1237,0.023476,0.022203,0.0215
1238,0.025605000000000003,0.017948,0.018316
1239,0.023481000000000002,0.017963999999999997,0.016163999999999998
1240,0.019242,0.027552999999999998,0.019327
1241,0.019266,0.027574,0.013986000000000002
1242,0.017151,0.030782,0.012899
1243,0.013927000000000002,0.026527999999999996,0.01395
1244,0.008621,0.028694,0.009637
1245,0.008664,0.031915,0.0032240000000000003
1246,0.0076170000000000005,0.037241,0.004278
1247,0.005488,0.035131,0.001062
1248,0.002297,0.037273,0.001037
1249,0.0012490000000000001,0.039415,-0.0011099999999999999
1250,0.001259,0.042607,-4.6e-05
1251,0.0033880000000000004,0.042595,0.001037
1252,-0.00088,0.040487999999999996,-0.001126
1253,-0.0019370000000000001,0.038377999999999995,-0.005404
1254,-0.005147,0.039442000000000005,-0.002223
1255,-0.011544,0.043713,0.000932
1256,-0.0062,0.044763,-0.000101
1257,-0.002994,0.041574,-0.004347
1258,-0.0051329999999999995,0.042638,-0.002227
1259,-0.007267,0.044767,-0.00010800000000000001
1260,-0.01152,0.046917,-0.001209
1261,-0.008314,0.045849,-0.003321
1262,-0.008319,0.043723000000000005,-0.004386999999999999
1263,-0.008329000000000001,0.042652999999999996,-0.003317
1264,-0.008348000000000001,0.041575,-0.00011200000000000001
1265,-0.005176,0.038355,0.0031190000000000002
1266,-0.0020039999999999997,0.035136,0.00635
1267,-0.002014,0.030882999999999997,0.004219
1268,-0.002019,0.030879000000000004,0.005287
1269,-0.005219,0.030889999999999997,0.005265
1270,-0.002019,0.027696,0.0020870000000000003
1271,-0.0009710000000000001,0.027675,0.006367
1272,6.7e-05,0.026585,0.011717
1273,0.00223,0.028725,0.007456
1274,0.009621,0.019082,0.014998
1275,0.011715999999999999,0.012674,0.017157
1276,0.01175,0.01907,0.016081
1277,0.002196,0.027634,0.013866999999999999
1278,-0.0009660000000000001,0.034045,0.0117
1279,-0.006291,0.034072000000000005,0.009526
1280,-0.013725,0.041555,0.009465000000000001
1281,-0.013711000000000001,0.04369,0.008394
1282,-0.015854,0.045811000000000004,0.012648999999999999
1283,-0.021165,0.05221699999999999,0.013672
1284,-0.025403,0.053319000000000005,0.0083
1285,-0.022198,0.048007,0.0019199999999999998
1286,-0.011525,0.045852,-0.001207
1287,-0.003009,0.039439,-0.003276
1288,0.008698000000000001,0.030883999999999998,-0.00532
1289,0.019375999999999997,0.029794,-0.008449
1290,0.018343,0.03195,-0.0138
1291,0.017314,0.033049,-0.021286000000000003
1292,0.010947,0.043711,-0.018139
1293,-0.0008029999999999999,0.0448,-0.01395
1294,-0.004037,0.041599000000000004,-0.009696
1295,-0.006161,0.046919999999999996,-0.006512
1296,-0.008270999999999999,0.050131,-0.008668
1297,-0.011467,0.046964,-0.012959
1298,-0.011481,0.043768,-0.012955000000000001
1299,-0.009362,0.041625999999999996,-0.011869
1300,-0.008286,0.043753,-0.011864
1301,-0.006123,0.046954,-0.015058000000000002
1302,-0.003989,0.046945999999999995,-0.015043
1303,-0.005075,0.042689,-0.015045
1304,-0.009343,0.040582,-0.017209000000000002
1305,-0.008353,0.034144,-0.006511
1306,-0.008353,0.038388,-0.0022440000000000003
1307,-0.00619,0.038406,-0.008638
1308,-0.0072239999999999995,0.044806,-0.009722
1309,-0.007214,0.042692,-0.013992
1310,-0.011467,0.040598,-0.01936
1311,-0.010409999999999999,0.042707999999999996,-0.015083000000000001
1312,-0.006161,0.043737,-0.009713
1313,-0.004052,0.040525,-0.007558
1314,-0.008334000000000001,0.040527,-0.004383
1315,-0.012577,0.045868,-0.00442
1316,-0.009381,0.045853,-0.003329
1317,-0.0062,0.04158,-0.0033009999999999997
1318,-0.004076,0.040503,-0.0022170000000000002
1319,-0.0030039999999999997,0.041565,-0.002211
1320,-0.0019320000000000001,0.040505,-0.004338
1321,-0.004071,0.039447,-0.004352
1322,-0.004071,0.041569,-0.002218
1323,0.000182,0.039419,-0.001117
1324,0.002287,0.036203,0.002106
1325,0.000139,0.036198,0.005296
1326,-0.0009130000000000001,0.037275,0.003151
1327,-0.0019850000000000002,0.035153,0.002078
1328,0.000144,0.035141000000000006,0.0031609999999999997
1329,0.0033350000000000003,0.032999,0.003186
1330,0.001215,0.035141000000000006,0.0021
1331,-0.0030329999999999997,0.039417,0.002065
1332,-0.005157,0.043677,0.004181
1333,-0.003023,0.042608999999999994,0.003129
1334,-0.001952,0.040487999999999996,-6.6e-05
1335,0.002282,0.03726,0.004241
1336,0.00011999999999999999,0.034059,0.007435
1337,0.002278,0.037255,0.005309
1338,0.002292,0.036206999999999996,0.001038
1339,0.0033539999999999998,0.03726,0.00318
1340,0.0033539999999999998,0.035138,0.001047
1341,0.005483,0.036188,0.0031969999999999998
1342,0.004392,0.034048,0.006396
1343,0.006516,0.034032,0.008548
1344,0.002258,0.036177,0.008515
1345,0.001196,0.036185,0.00744
1346,0.002268,0.034064,0.0042450000000000005
1347,0.001196,0.031941000000000004,0.003172
1348,0.002258,0.030872000000000004,0.003181
1349,0.0033399999999999997,0.033003,0.002117
1350,0.000153,0.034088,-4.3e-05
1351,0.00122,0.036206999999999996,0.0020989999999999997
1352,-0.000918,0.035149,0.002085
1353,0.000149,0.034083999999999996,0.001026
1354,0.000168,0.034101,-0.003247
1355,-0.001961,0.034113,-0.00433
1356,-0.006219,0.036258,-0.0043630000000000006
1357,-0.005157,0.038372,-0.001153
1358,-0.004104,0.035173,-0.001142
1359,-0.0008990000000000001,0.036226999999999995,-0.001121
1360,0.00018700000000000002,0.038362,-0.0032530000000000002
1361,0.002311,0.036224,-0.003235
1362,0.0012490000000000001,0.035171,-0.005377000000000001
1363,0.003378,0.031977,-0.007495
1364,0.00123,0.033032,-0.0032380000000000004
1365,-0.004085,0.039434,-0.001147
1366,-0.005128,0.04052,-0.005429
1367,-0.004104,0.037295,0.000992
1368,-0.004124,0.036217,0.0041979999999999995
1369,-0.000889,0.041541,0.002077
1370,0.000192,0.040489,-0.002187
1371,0.002316,0.038350999999999996,-0.002169
1372,0.000192,0.038367,-0.004321
1373,-0.001952,0.036243,-0.004333
1374,0.000192,0.039428,-0.003254
1375,0.0044399999999999995,0.034091,-0.004286
1376,0.005507,0.035148,-0.003211
1377,0.0033829999999999997,0.036225,-0.004296
1378,0.001259,0.034119,-0.008581
1379,0.001254,0.034115,-0.007513
1380,0.000177,0.033049,-0.00645
1381,0.0012490000000000001,0.035171,-0.005377000000000001
1382,0.001239,0.034102,-0.004308
1383,0.000182,0.037297000000000004,-0.003251
1384,-0.001947,0.03837,-0.0032670000000000004
1385,-0.001947,0.03837,-0.0032670000000000004
1386,0.001283,0.041567,-0.0064540000000000005
1387,0.00555,0.042613,-0.005357
1388,0.0033640000000000002,0.044696,0.008512
1389,0.004406,0.047854,0.017061
1390,0.005473,0.042545,0.011734
1391,0.002278,0.036194,0.004242
1392,-0.0009279999999999999,0.038323,0.007422
1393,-0.003062,0.043636,0.012740999999999999
1394,-0.000923,0.042572000000000006,0.010621
1395,0.002254,0.040417,0.013850999999999999
1396,-0.003081,0.042558,0.015947
1397,-0.003071,0.039383,0.01061
1398,0.00011,0.03405,0.009571
1399,0.001163,0.034033999999999995,0.012783
1400,0.0075829999999999995,0.035088999999999995,0.009622
1401,0.009722,0.035086,0.008569
1402,0.010779,0.032951999999999995,0.008579
1403,0.010793,0.032964999999999994,0.005374
1404,0.006534999999999999,0.032987999999999996,0.003208
1405,0.004411,0.036187000000000004,0.004257
1406,0.002263,0.036182,0.007447
1407,0.0022489999999999997,0.034047,0.008518000000000001
1408,-0.0009519999999999999,0.031936,0.006362
1409,-0.000933,0.034075,0.004222999999999999
1410,0.000149,0.035144999999999996,0.002092
1411,0.000144,0.037263,0.005294
1412,0.000149,0.037267,0.004226
1413,0.000149,0.037267,0.004226
1414,-0.0019850000000000002,0.037275,0.004211
1415,-0.0041,0.042604,0.005258
1416,-0.004109000000000001,0.041535,0.006327
1417,-0.005181,0.041533999999999995,0.007388
1418,-0.004138,0.037265,0.008468999999999999
1419,0.000125,0.036185,0.0085
1420,0.002263,0.035121,0.006379999999999999
1421,0.004406,0.036183,0.005326
1422,0.004416,0.036191,0.003189
1423,0.005478,0.034061,0.002131
1424,0.0044210000000000005,0.036196,0.002121
1425,0.002292,0.036206999999999996,0.001038
1426,0.001225,0.040455,0.005298
1427,-0.003042,0.04047,0.005268
1428,-0.003047,0.039405,0.005268999999999999
1429,0.00011999999999999999,0.036181,0.009568
1430,0.00011499999999999999,0.037237,0.011704
1431,0.001191,0.038303,0.010641
1432,0.000144,0.041507,0.009562000000000001
1433,-0.000904,0.042589,0.0063479999999999995
1434,-0.0019850000000000002,0.039397,0.006345
1435,0.000149,0.04045,0.007427
1436,0.000134,0.040437,0.010631
1437,-0.0020039999999999997,0.042563,0.013818
1438,-0.0020039999999999997,0.042563,0.013818
1439,-0.004109000000000001,0.047901,0.012729
1440,-0.01152,0.057526999999999995,0.00946
1441,-0.015782,0.054363,0.005161
1442,-0.016863999999999997,0.05223200000000001,0.006225
1443,-0.017935,0.059659000000000004,0.014753
1444,-0.010482,0.063864,0.022278
1445,-0.00088,0.059586,0.018077
1446,0.005516,0.048949,0.008522
1447,0.010851000000000001,0.043626,0.003225
1448,0.011898,0.040422,0.004304
1449,0.010808,0.038282,0.007504
1450,0.001191,0.042547,0.014909
1451,-0.006301,0.044674,0.022331
1452,-0.006358,0.040379000000000005,0.030882
1453,-0.001091,0.030751999999999998,0.036273
1454,0.006339,0.027507999999999998,0.04167
1455,0.011683,0.028558999999999998,0.040637
1456,0.015979,0.027509,0.033191000000000005
1457,0.016013,0.025417,0.02358
1458,0.012841,0.025453,0.017149
1459,0.011803,0.031849,0.017133000000000002
1460,0.012884,0.031858,0.013936000000000002
1461,0.012874000000000002,0.030788,0.015006
1462,0.011755,0.027562,0.023548
1463,0.010697,0.030757,0.024604
1464,0.008597,0.031856,0.018179
1465,0.011826999999999999,0.031869999999999996,0.011792
1466,0.011851,0.032951999999999995,0.007518
1467,0.01187,0.03403,0.004312
1468,0.013999000000000001,0.031897,0.0032619999999999997
1469,0.014003,0.031901,0.002193
1470,0.010793,0.034026,0.006441
1471,0.009722,0.034025,0.007502
1472,0.006534999999999999,0.036170999999999995,0.006409000000000001
1473,0.0033439999999999998,0.036191,0.00425
1474,0.002268,0.037247,0.0074459999999999995
1475,0.0012109999999999998,0.037259,0.005302
1476,0.004406,0.035122,0.004259000000000001
1477,0.007601999999999999,0.032984,0.0032159999999999997
1478,0.007597,0.03298,0.0042840000000000005
1479,0.006520999999999999,0.032975,0.006412999999999999
1480,0.005469,0.035114,0.005334
1481,0.004392,0.032987,0.00533
1482,0.004386999999999999,0.032983,0.006398
1483,-0.000923,0.039389,0.007421
1484,-0.005167000000000001,0.040486,0.003117
1485,-0.006229,0.041555,0.0031079999999999997
1486,-0.0040950000000000005,0.042608,0.00419
1487,0.000177,0.042598000000000004,0.003151
1488,0.00123,0.038337,0.002096
1489,0.003378,0.039404,-2.7000000000000002e-05
1490,0.004459,0.041535,-0.00109
1491,0.0033539999999999998,0.034076999999999996,-2e-05
1492,0.006579000000000001,0.035148,-0.004272
1493,0.007631000000000001,0.035132,-0.00106
1494,0.00122,0.036206999999999996,0.0020989999999999997
1495,-0.001961,0.037295999999999996,-0.0011300000000000001
1496,-0.0008849999999999999,0.039423,-0.001125
1497,-0.001995,0.033022,0.0020800000000000003
1498,0.001215,0.036202,0.003167
1499,-0.003023,0.038364999999999996,-0.001139
1500,-0.001966,0.037292,-6.2e-05
1501,-0.000889,0.034113,-0.005391
1502,-0.001947,0.035187,-0.006468000000000001
1503,0.000182,0.034114,-0.006451999999999999
1504,-0.0008939999999999999,0.036231,-0.002189
1505,-0.001952,0.039427,-0.001132
1506,-0.003014,0.039434,-0.002208
1507,-0.004076,0.03732,-0.005417
1508,-0.001928,0.039448000000000004,-0.0064730000000000005
1509,-0.004076,0.039442000000000005,-0.0032840000000000005
1510,-0.004065999999999999,0.040512,-0.004353
1511,-0.004079999999999999,0.038377,-0.003282
1512,-0.006219,0.037319,-0.003296
1513,-0.006224,0.037315,-0.002228
1514,-0.0040950000000000005,0.037302999999999996,-0.001145
1515,-0.001966,0.037292,-6.2e-05
1516,-0.001971,0.036226,-5.9999999999999995e-05
1517,-0.00088,0.037305,-0.004327
1518,-0.0019320000000000001,0.038383,-0.0064719999999999995
1519,-0.001952,0.036243,-0.004333
1520,0.000168,0.034101,-0.003247
1521,-0.001971,0.037287,0.001007
1522,-0.0040950000000000005,0.040486,0.0020559999999999997
1523,-0.001956,0.0373,-0.002198
1524,-0.001956,0.036239,-0.0032649999999999997
1525,0.000168,0.036223000000000005,-0.001113
1526,0.001239,0.037285000000000006,-0.0011070000000000001
1527,0.001235,0.037281,-3.9e-05
1528,0.00015800000000000002,0.037276,0.00209
1529,-0.0030329999999999997,0.038356,0.000998
1530,-0.004071,0.041569,-0.002218
1531,-0.004124,0.036217,0.0041979999999999995
1532,-0.0019850000000000002,0.037275,0.004211
1533,-0.000909,0.039401,0.004215999999999999
1534,-0.0019760000000000003,0.039405,0.004209
1535,-0.004138,0.029838,0.001001
1536,-0.010515,0.035187,0.00095
1537,-0.011558,0.044761,0.005203
1538,-0.000909,0.040462,0.0052829999999999995
1539,0.005445,0.029787,0.005340999999999999
1540,-0.002052,0.0213,0.003163
1541,-0.013734999999999999,0.029876,-0.000134
1542,-0.012643999999999999,0.034137,-0.0012
1543,-0.007339,0.033032,0.0041789999999999996
1544,-0.009472,0.040467,0.011632
1545,-0.01374,0.043664999999999995,0.014803
1546,-0.012683,0.038347000000000006,0.011613
1547,-0.006267,0.036216000000000005,0.006319
1548,-0.003052,0.036217,0.003137
1549,0.002302,0.037277,-3.2e-05
1550,0.006579000000000001,0.038331,-0.0010710000000000001
1551,0.006569,0.034079000000000005,-0.0032020000000000004
1552,0.005502,0.035144,-0.002143
1553,0.001235,0.03622,-0.001106
1554,-0.0009130000000000001,0.035153,0.001017
1555,-0.0020039999999999997,0.034075,0.0052829999999999995
1556,-0.007334,0.03622,0.006312
1557,-0.009444,0.039431,0.004156
1558,-0.009444,0.039431,0.004156
1559,-0.007295,0.041559,0.0031
1560,-0.006219,0.041563,0.0009720000000000001
1561,-0.005143,0.041568,-0.001157
1562,-0.00199,0.035148,0.003146
1563,0.002278,0.035133,0.003176
1564,0.005488,0.034069999999999996,-5e-06
1565,0.005507,0.03727,-0.001078
1566,0.004435000000000001,0.036208,-0.001084
1567,0.002292,0.035146,-2.8999999999999997e-05
1568,0.004406,0.034061,0.003192
1569,0.005478,0.035122,0.003198
1570,0.008674,0.034046,0.003222
1571,0.00866,0.032972,0.005359
1572,0.000153,0.035149,0.001024
1573,0.000177,0.037293,-0.002183
1574,0.001235,0.038342,0.0010279999999999998
1575,0.00122,0.039389999999999994,0.005299
1576,0.001235,0.040464,0.0031609999999999997
1577,-0.0008849999999999999,0.039423,-0.001125
1578,-0.000904,0.038345,0.002081
1579,-0.0008990000000000001,0.040471,0.003147
1580,0.00015800000000000002,0.040458999999999995,0.0052899999999999996
1581,0.000149,0.037267,0.004226
1582,-0.000933,0.034075,0.004222999999999999
1583,0.000125,0.031941000000000004,0.004233
1584,0.002263,0.032999,0.004246
1585,0.004397,0.035113,0.0063950000000000005
1586,0.0044020000000000005,0.032996,0.003193
1587,0.002273,0.033007,0.0021100000000000003
1588,-0.000904,0.037284,0.0010140000000000001
1589,0.00123,0.038337,0.002096
1590,0.001235,0.039403,0.002095
1591,-0.004085,0.042617,0.002053
1592,-0.0019850000000000002,0.039397,0.006345
1593,-0.002,0.038323,0.008483
1594,-0.003047,0.036222000000000004,0.002069
1595,-0.0008939999999999999,0.037292,-0.0011220000000000002
1596,0.002292,0.038329,0.003172
1597,0.002302,0.038338,0.001035
1598,0.0033399999999999997,0.035125,0.004251
1599,0.004411,0.035126,0.0031899999999999997
1600,0.005469,0.034053,0.004267
1601,0.0033299999999999996,0.035117,0.0063880000000000004
1602,0.002273,0.03619,0.005311
1603,-0.0009279999999999999,0.033018,0.002088
1604,-0.00198,0.037279,0.003143
1605,-0.003052,0.038339,0.0052710000000000005
1606,0.000139,0.037259,0.006363000000000001
1607,0.000139,0.037259,0.006363000000000001
1608,0.0012109999999999998,0.036198,0.004235
1609,0.002287,0.037264,0.003173
1610,0.002278,0.034072000000000005,0.002109
1611,0.004406,0.034061,0.003192
1612,0.0033350000000000003,0.03406,0.004253
1613,0.000153,0.038332,0.004225
1614,-0.0019850000000000002,0.036213999999999996,0.003144
1615,-0.001995,0.038327,0.007415000000000001
1616,-0.003038,0.041535,0.005267
1617,-0.001971,0.041531,0.005274
1618,-0.001961,0.04154,0.0031379999999999997
1619,-0.005162,0.041551,0.0031149999999999997
1620,-0.003018,0.041552,0.0009939999999999999
1621,0.00123,0.039398,0.003163
1622,0.000168,0.040467,0.003154
1623,-0.0019420000000000001,0.042618,-6.8e-05
1624,-0.000904,0.040467,0.004215
1625,0.00011499999999999999,0.036176,0.010637
1626,0.000134,0.041498,0.011698
1627,0.00123,0.042581,0.006363000000000001
1628,0.002287,0.041507999999999996,0.00744
1629,0.004411,0.037248,0.005324000000000001
1630,0.0033299999999999996,0.035117,0.0063880000000000004
1631,0.005469,0.037236,0.007468000000000001
1632,0.0033399999999999997,0.037248,0.006385
1633,0.002263,0.036182,0.007447
1634,-0.000933,0.036197,0.0063560000000000005
1635,-0.0009130000000000001,0.037275,0.003151
1636,-0.0009130000000000001,0.038336,0.004217
1637,0.000153,0.038332,0.004225
1638,-0.000904,0.040467,0.004215
1639,-0.0008990000000000001,0.040471,0.003147
1640,-0.000909,0.03834,0.003149
1641,-0.000918,0.037271,0.004219
1642,-0.0009130000000000001,0.038336,0.004217
1643,-0.0019850000000000002,0.037275,0.004211
1644,-0.003052,0.037278,0.004204
1645,-0.004118999999999999,0.038343,0.005263
1646,-0.0030280000000000003,0.040483,0.0020629999999999997
1647,-0.0030329999999999997,0.038356,0.000998
1648,-0.000904,0.039406000000000004,0.003148
1649,-0.0008990000000000001,0.03941,0.0020800000000000003
1650,-0.004085,0.040494999999999996,-8e-05
1651,-0.003009,0.041561,-0.001142
1652,-0.0073,0.040493,0.003102
1653,-0.007305,0.040489,0.00417
1654,-0.00942,0.042636,0.002016
1655,-0.013687000000000001,0.045834,0.005187
1656,-0.014787,0.042624,0.009456
1657,-0.009481999999999999,0.037275,0.010568000000000001
1658,-0.003081,0.038314,0.01168
1659,-0.004157,0.036187000000000004,0.011675
1660,-0.0062380000000000005,0.043668,0.007378
1661,-0.008367,0.040497000000000005,0.003094
1662,-0.000909,0.039401,0.004215999999999999
1663,0.000134,0.036193,0.006364
1664,0.002287,0.039386000000000004,0.005307
1665,-0.001966,0.041536000000000003,0.0042060000000000005
1666,-0.003014,0.042618,0.000993
1667,-0.0008990000000000001,0.041532,0.004213000000000001
1668,0.000168,0.040467,0.003154
1669,0.002302,0.037277,-3.2e-05
1670,0.002316,0.035168,-0.005370000000000001
1671,0.002321,0.036233,-0.005371
1672,0.001263,0.038367,-0.005381
1673,0.0023350000000000003,0.04049,-0.004308
1674,0.001273,0.039437,-0.006451
1675,-0.0019320000000000001,0.040505,-0.004338
1676,-0.004065999999999999,0.040512,-0.004353
1677,-0.003009,0.041561,-0.001142
1678,-0.0019370000000000001,0.039439,-0.004337
1679,-0.003023,0.035182,-0.004339
1680,-0.00088,0.038366000000000004,-0.0032600000000000003
1681,0.002306,0.03622,-0.002167
1682,0.004435000000000001,0.036208,-0.001084
1683,0.00122,0.037268,0.003165
1684,0.004397,0.036174,0.007462000000000001
1685,0.004382,0.034039,0.008533
1686,0.004397,0.035113,0.0063950000000000005
1687,0.005459,0.031922000000000006,0.00427
1688,0.005435,0.031901,0.009611
1689,0.0033060000000000003,0.032974,0.009595000000000001
1690,0.004411,0.037248,0.005324000000000001
1691,0.002278,0.037255,0.005309
1692,0.000129,0.03725,0.008499
1693,0.0033490000000000004,0.042561,0.009583
1694,0.0033439999999999998,0.043618000000000004,0.011718000000000001
1695,0.003325,0.040418,0.012790000000000001
1696,0.001187,0.037238,0.010643000000000001
1697,0.001191,0.037242000000000004,0.009575
1698,-0.000947,0.037245,0.010628
1699,0.000134,0.040437,0.010631
1700,0.0012109999999999998,0.041503,0.009569
1701,0.002273,0.037251,0.006377000000000001
1702,0.004411,0.036187000000000004,0.004257
1703,0.001239,0.041529,0.00316
1704,0.002321,0.046843,0.005297
1705,0.002302,0.045765,0.008503
1706,-0.000904,0.044711,0.008482
1707,-0.008362,0.045806,0.007359999999999999
1708,-0.009415,0.050067,0.008416
1709,-0.007286,0.047932999999999996,0.007365000000000001
1710,-0.005152,0.047925999999999996,0.007379999999999999
1711,-0.003047,0.043649,0.009537
1712,-0.000918,0.044698,0.011687000000000001
1713,0.0012109999999999998,0.040442,0.008502
1714,0.006534999999999999,0.037232,0.007475
1715,0.008679000000000001,0.039355,0.007488
1716,0.007612000000000001,0.039359,0.00748
1717,0.0065450000000000005,0.039363,0.0074730000000000005
1718,0.004397,0.038296,0.009595999999999999
1719,0.0033350000000000003,0.039365,0.009587
1720,0.000134,0.040437,0.010631
1721,-0.004138,0.040448000000000005,0.01167
1722,-0.003071,0.040444,0.011677
1723,0.001163,0.036156,0.014916999999999998
1724,0.002191,0.029751999999999997,0.017069
1725,0.005411,0.032941000000000005,0.016019
1726,0.00543,0.031897,0.010679000000000001
1727,0.004392,0.035108999999999994,0.007462999999999999
1728,0.00655,0.036184,0.003204
1729,0.009736,0.036160000000000005,0.006431
1730,0.009698,0.036126,0.014977
1731,0.006462999999999999,0.033985,0.020298
1732,0.002206,0.038252999999999995,0.022399000000000002
1733,-0.004162,0.040427,0.017011000000000002
1734,-0.000933,0.03938,0.009557
1735,0.005464,0.036170999999999995,0.007469
1736,0.010773999999999999,0.031887,0.008579999999999999
1737,0.009717,0.030838,0.005369
1738,0.011836,0.027635000000000003,0.005388
1739,0.011845999999999999,0.029764999999999996,0.005386
1740,0.010808,0.034038,0.003237
1741,0.006555,0.036188,0.002136
1742,0.001215,0.037263,0.004234
1743,-0.0041,0.041543000000000004,0.004190999999999999
1744,-0.001961,0.040479,0.002071
1745,-0.000889,0.04048,0.00101
1746,-0.001952,0.040487999999999996,-6.6e-05
1747,-0.0030280000000000003,0.039422000000000006,0.000997
1748,-0.0041,0.040482,0.003124
1749,-0.0030329999999999997,0.038356,0.000998
1750,-0.003018,0.03943,-0.00114
1751,-0.001956,0.040483,0.001003
1752,-0.003023,0.041548,0.002062
1753,-0.001956,0.040483,0.001003
1754,-0.004071,0.04263,-0.001151
1755,-0.000909,0.03834,0.003149
1756,-0.00198,0.03834,0.00421
1757,0.000168,0.038345,0.0010199999999999999
1758,0.00015800000000000002,0.038337,0.003157
1759,0.002258,0.034055,0.006381
1760,0.002234,0.027668,0.005321
1761,0.0033060000000000003,0.025547,0.002127
1762,0.002234,0.025546,0.003188
1763,-0.0009570000000000001,0.028749,0.004229
1764,-0.0052049999999999996,0.034086,0.005261
1765,-0.008376999999999999,0.038367,0.003097
1766,-0.007291,0.039441000000000004,-0.000101
1767,-0.005157,0.039432999999999996,-8.7e-05
1768,-0.005147,0.040503,-0.0011560000000000001
1769,-0.004079999999999999,0.038377,-0.003282
1770,-0.00409,0.036247,-0.00328
1771,-0.00409,0.036247,-0.00328
1772,-0.001956,0.039422000000000006,-6.4e-05
1773,-0.0008849999999999999,0.038362,-0.0021920000000000004
1774,-0.001966,0.03517,-0.002195
1775,-0.003042,0.035164999999999995,-6.6e-05
1776,-0.0030280000000000003,0.038361,-7e-05
1777,-0.0008990000000000001,0.037288,-5.4000000000000005e-05
1778,0.002297,0.035151,-0.001097
1779,0.0033539999999999998,0.035138,0.001047
1780,0.002297,0.036212,-2.9999999999999997e-05
1781,-0.0008939999999999999,0.036231,-0.002189
1782,-0.001952,0.036243,-0.004333
1783,-0.0008939999999999999,0.036231,-0.002189
1784,-0.001966,0.038353,0.001005
1785,-0.00409,0.03943,-7.900000000000001e-05
1786,-0.003023,0.039425999999999996,-7.2e-05
1787,-0.0009279999999999999,0.03514,0.004221
1788,0.002282,0.036199,0.0031739999999999997
1789,0.0033829999999999997,0.037286,-0.003229
1790,0.005507,0.03727,-0.001078
1791,0.005502,0.035144,-0.002143
1792,0.002316,0.036229000000000004,-0.004303
1793,0.005521,0.036222000000000004,-0.0053490000000000005
1794,0.000177,0.036232,-0.00325
1795,-0.0008939999999999999,0.040475,0.002078
1796,-0.0030280000000000003,0.039422000000000006,0.000997
1797,-0.001961,0.036235,-0.0021969999999999997
1798,0.000177,0.036232,-0.00325
1799,0.000173,0.037288999999999996,-0.001115
1800,-0.000875,0.03837,-0.004328
1801,0.000177,0.036232,-0.00325
1802,0.000177,0.036232,-0.00325
1803,0.002292,0.035146,-2.8999999999999997e-05
1804,0.002273,0.034068,0.003177
1805,0.003325,0.030869,0.003188
1806,0.002254,0.029807,0.003182
1807,0.001196,0.031941000000000004,0.003172
1808,0.0033200000000000005,0.029802999999999996,0.0031899999999999997
1809,0.002254,0.029807,0.003182
1810,0.0033299999999999996,0.032995,0.004254
1811,0.0033439999999999998,0.034069,0.002116
1812,0.002287,0.035142,0.001039
1813,0.0033439999999999998,0.036191,0.00425
1814,0.000144,0.038324000000000004,0.006361
1815,0.000144,0.036202,0.004228
1816,-0.0009279999999999999,0.037262,0.0063549999999999995
1817,-0.00309,0.035122,0.010616
1818,0.002258,0.036177,0.008515
1819,0.004397,0.036174,0.007462000000000001
1820,0.006531,0.037228,0.008544
1821,0.005464,0.03511,0.006403
1822,0.0022489999999999997,0.032986,0.007451
1823,0.002254,0.034051,0.00745
1824,0.0011769999999999999,0.034046,0.009579
1825,0.001182,0.037233999999999996,0.011711
1826,-0.000947,0.035123,0.008494
1827,-0.0009279999999999999,0.03514,0.004221
1828,0.000149,0.036206,0.003159
1829,-0.000923,0.038327999999999994,0.006354
1830,0.001225,0.039394,0.004231
1831,0.000144,0.035141000000000006,0.0031609999999999997
1832,0.000139,0.034076,0.0031620000000000003
1833,0.000153,0.039393,0.005292
1834,-0.001961,0.04154,0.0031379999999999997
1835,0.000153,0.03621,0.002091
1836,0.000134,0.035132,0.005297
1837,-0.000933,0.037258,0.007423000000000001
1838,0.000129,0.035128,0.006365
1839,0.0033200000000000005,0.032986,0.00639
1840,0.002263,0.031938,0.00318
1841,0.002292,0.037268,0.002105
1842,-0.0009130000000000001,0.038336,0.004217
1843,-0.000918,0.038332,0.005286
1844,-0.000904,0.040467,0.004215
1845,0.000149,0.04045,0.007427
1846,-0.0030859999999999998,0.036188,0.010614
1847,-0.000933,0.037258,0.007423000000000001
1848,0.000149,0.038327999999999994,0.005293
1849,0.0012109999999999998,0.039381,0.007436
1850,0.00122,0.038329,0.004232
1851,-0.0009130000000000001,0.038336,0.004217
1852,-0.0009130000000000001,0.037275,0.003151
1853,0.0012109999999999998,0.036198,0.004235
1854,0.003325,0.036174,0.008523000000000001
1855,0.000129,0.035128,0.006365
1856,-0.0009279999999999999,0.03514,0.004221
1857,0.0012109999999999998,0.036198,0.004235
1858,0.000139,0.03832,0.007429000000000001
1859,-0.000933,0.036197,0.0063560000000000005
1860,0.000134,0.035132,0.005297
1861,-0.000933,0.035136,0.0052899999999999996
1862,0.001196,0.033002,0.004239
1863,0.0033439999999999998,0.03513,0.0031829999999999996
1864,0.00122,0.037268,0.003165
1865,0.000144,0.036202,0.004228
1866,-0.0041140000000000005,0.040469,0.0063289999999999996
1867,-0.003057,0.039396,0.007406
1868,0.000139,0.03832,0.007429000000000001
1869,-0.00198,0.040462,0.006344
1870,-0.00198,0.037279,0.003143
1871,-0.0030329999999999997,0.040478,0.0031320000000000002
1872,-0.0030329999999999997,0.040478,0.0031320000000000002
1873,-0.0008939999999999999,0.040475,0.002078
1874,0.0033439999999999998,0.038313,0.006384
1875,0.00011,0.037232999999999995,0.012772
1876,0.000153,0.039393,0.005292
1877,-0.00198,0.037279,0.003143
1878,0.005478,0.037244,0.005332
1879,0.005478,0.037244,0.005332
1880,0.0033350000000000003,0.035121,0.005319
1881,0.0033299999999999996,0.034056,0.005321
1882,0.002268,0.036186,0.006379
1883,0.002268,0.036186,0.006379
1884,-0.0009130000000000001,0.036213999999999996,0.002084
1885,0.002292,0.034085000000000004,-0.0010960000000000002
1886,0.002287,0.035142,0.001039
1887,0.004416,0.036191,0.003189
1888,0.002282,0.036199,0.0031739999999999997
1889,0.000144,0.036202,0.004228
1890,0.002263,0.036182,0.007447
1891,-0.0009279999999999999,0.037262,0.0063549999999999995
1892,-0.0019760000000000003,0.039405,0.004209
1893,-0.006229,0.039432999999999996,0.000974
1894,-0.006224,0.04262,0.003107
1895,-0.007286,0.04475,0.004164999999999999
1896,-0.008329000000000001,0.049019,0.003084
1897,-0.00941,0.045827,0.0030800000000000003
1898,-0.010472,0.046896,0.003071
1899,-0.009405,0.047952999999999996,0.004146
1900,-0.010434,0.053296,0.000927
1901,-0.014706,0.051185,-0.000168
1902,-0.018969,0.056509000000000004,0.004068
1903,-0.017883,0.0544,-0.0023309999999999997
1904,-0.013644,0.045872,-0.004427
1905,-0.006229,0.039432999999999996,0.000974
1906,0.0034020000000000005,0.041547,-0.0032340000000000003
1907,0.003421,0.038381,-0.010708
1908,0.004493,0.038381,-0.011768
1909,0.0034020000000000005,0.035181,-0.009635
1910,0.000182,0.034114,-0.006451999999999999
1911,0.002302,0.037277,-3.2e-05
1912,0.004416,0.036191,0.003189
1913,0.001182,0.034051,0.00851
1914,-0.002009,0.037252999999999994,0.009552
1915,-0.0051909999999999994,0.036220999999999996,0.00419
1916,-0.004128,0.034091,0.0031320000000000002
1917,-0.000918,0.035149,0.002085
1918,0.002287,0.035142,0.001039
1919,0.0033539999999999998,0.036199,0.002113
1920,0.0033490000000000004,0.037256,0.004249
1921,0.001206,0.036194,0.005303
1922,0.001201,0.035129,0.005304
1923,0.004406,0.034061,0.003192
1924,0.004406,0.033,0.002125
1925,0.0044210000000000005,0.034074,-1.3000000000000001e-05
1926,0.0044210000000000005,0.036196,0.002121
1927,0.005483,0.034066,0.0010630000000000001
1928,0.005483,0.033005,-4e-06
1929,0.0065450000000000005,0.031936,5e-06
1930,0.004392,0.029804,0.002129
1931,0.002258,0.029811,0.002114
1932,0.000153,0.031966,-0.002176
1933,-0.000909,0.034096,-0.001118
1934,-0.001956,0.040483,0.001003
1935,0.003378,0.038343,-0.001094
1936,0.002306,0.03622,-0.002167
1937,0.001215,0.035141000000000006,0.0021
1938,0.000153,0.038332,0.004225
1939,-0.005162,0.04049,0.002049
1940,-0.0062380000000000005,0.043668,0.007378
1941,-0.007305,0.04155,0.0052369999999999995
1942,-0.011558,0.040517000000000004,0.000936
1943,-0.011553,0.041582,0.0009339999999999999
1944,-0.009396,0.04584,-0.000124
1945,-0.006152,0.051172,-0.004381
1946,-0.008270999999999999,0.051192,-0.007601
1947,-0.009329,0.050144,-0.010812
1948,-0.006114,0.051205999999999995,-0.012927000000000001
1949,-0.002937,0.047991000000000006,-0.010764
1950,-0.001846,0.048007999999999995,-0.016097999999999998
1951,-0.000784,0.046939,-0.016089
1952,-0.0029230000000000003,0.045881,-0.016103
1953,-0.009356999999999999,0.045874,-0.00867
1954,-0.014711000000000002,0.046937,-0.003368
1955,-0.013663,0.044794,-0.001221
1956,-0.010477,0.039465,-0.0033280000000000002
1957,-0.008357999999999999,0.036262,-0.00331
1958,-0.005152,0.037316,-0.003288
1959,-0.000889,0.037297000000000004,-0.0021899999999999997
1960,0.004425999999999999,0.035139,-1.4000000000000001e-05
1961,0.009736,0.034038,0.004297
1962,0.009741,0.035102999999999995,0.004296
1963,0.0044210000000000005,0.037257,0.003188
1964,0.000144,0.037263,0.005294
1965,-0.0009570000000000001,0.037237,0.012764
1966,-0.003095,0.037239999999999995,0.013818
1967,-0.004148,0.035135,0.008472
1968,-0.004196,0.028725999999999998,0.012753
1969,9.1e-05,0.03085,0.010643000000000001
1970,0.004372999999999999,0.031909,0.008535
1971,0.009717,0.034020999999999996,0.00857
1972,0.010779,0.031891,0.0075120000000000004
1973,0.007593000000000001,0.030854000000000003,0.003218
1974,0.006531,0.031923,0.0032090000000000005
1975,0.0075780000000000005,0.02978,0.0053560000000000005
1976,0.00543,0.031897,0.010679000000000001
1977,0.001158,0.031907,0.011718000000000001
1978,-0.0020329999999999997,0.030866,0.008492
1979,-0.003076,0.034074,0.006344
1980,-0.0009279999999999999,0.03514,0.004221
1981,-0.0009279999999999999,0.037262,0.0063549999999999995
1982,-0.00199,0.038331,0.006346
1983,-0.000918,0.038332,0.005286
1984,0.0012109999999999998,0.036198,0.004235
1985,0.001206,0.035133,0.004236
1986,0.002282,0.036199,0.0031739999999999997
1987,0.0033490000000000004,0.036195,0.003182
1988,0.0033299999999999996,0.032995,0.004254
1989,0.009712,0.028712,0.004304
1990,0.009701999999999999,0.028702999999999996,0.00644
1991,0.010754999999999999,0.027625999999999998,0.008584999999999999
1992,0.008621,0.028694,0.009637
1993,0.0033159999999999995,0.031921,0.006392
1994,-0.0019850000000000002,0.036213999999999996,0.003144
1995,-0.000923,0.036206,0.004220000000000001
1996,-0.004124,0.037278,0.005265
1997,-0.008386,0.038357999999999996,0.005233
1998,-0.005176,0.040477,0.005253
1999,-0.00309,0.035122,0.010616
2000,0.0033200000000000005,0.035108,0.008524
2001,0.000139,0.036198,0.005296
2002,0.000153,0.039393,0.005292
2003,-0.000904,0.039406000000000004,0.003148
2004,0.001235,0.040464,0.0031609999999999997
2005,0.0033399999999999997,0.037248,0.006385
2006,0.002258,0.036177,0.008515
2007,-0.004148,0.04044,0.013806
2008,-0.006281,0.041507999999999996,0.014858000000000001
2009,-0.006272,0.040456,0.011655
2010,-0.004124,0.038339,0.006331
2011,-0.00199,0.039392,0.0074129999999999995
2012,0.002282,0.038321,0.005308
2013,0.0033439999999999998,0.036191,0.00425
2014,0.002287,0.036203,0.002106
2015,0.00016299999999999998,0.039402,0.0031550000000000003
2016,-0.0008990000000000001,0.041532,0.004213000000000001
2017,-0.003038,0.040474,0.0042
2018,-0.003047,0.038344,0.004202
2019,-0.006257,0.038346,0.0063159999999999996
2020,-0.004124,0.040461000000000004,0.008465
2021,-0.003057,0.038335,0.006339
2022,0.000149,0.037267,0.004226
2023,0.000153,0.038332,0.004225
2024,0.002287,0.038325,0.00424
2025,0.0033490000000000004,0.038317000000000004,0.005315
2026,0.004425999999999999,0.040444,0.00532
2027,0.0033640000000000002,0.040451999999999995,0.0042450000000000005
2028,0.001215,0.037263,0.004234
2029,0.000134,0.035132,0.005297
2030,0.00015800000000000002,0.040458999999999995,0.0052899999999999996
2031,0.000105,0.034046,0.010639000000000001
2032,0.000105,0.035107,0.011706
2033,-0.000923,0.039389,0.007421
2034,-0.001971,0.042592000000000005,0.006340999999999999
2035,0.00015800000000000002,0.038337,0.003157
2036,0.0033640000000000002,0.039391,0.0031780000000000003
2037,0.004435000000000001,0.040451999999999995,0.003184
2038,0.0033539999999999998,0.03726,0.00318
2039,0.000153,0.038332,0.004225
2040,0.001215,0.039385,0.006367
2041,-0.0019850000000000002,0.040458,0.007412
2042,-0.000909,0.039401,0.004215999999999999
2043,-0.0019760000000000003,0.037283,0.002075
2044,-0.003052,0.037278,0.004204
2045,-0.00199,0.03727,0.005279
2046,-0.00198,0.03834,0.00421
2047,-0.0008990000000000001,0.03941,0.0020800000000000003
2048,-0.001952,0.039427,-0.001132
2049,-0.001956,0.0373,-0.002198
2050,0.001239,0.036224,-0.0021739999999999997
2051,0.002297,0.035151,-0.001097
2052,0.0033640000000000002,0.036208,-2.3e-05
2053,0.001225,0.036211,0.00103
2054,0.000149,0.035144999999999996,0.002092
2055,-0.000918,0.034088,0.001018
2056,0.000139,0.034076,0.0031620000000000003
2057,0.000149,0.036206,0.003159
2058,0.00122,0.036206999999999996,0.0020989999999999997
2059,-0.0019760000000000003,0.036222000000000004,0.001008
2060,-0.004076,0.039442000000000005,-0.0032840000000000005
2061,-0.004071,0.04263,-0.001151
2062,-0.009405,0.046892,0.0030789999999999997
2063,-0.007262,0.047954000000000004,0.0020239999999999998
2064,-0.005157,0.043677,0.004181
2065,-0.004124,0.038339,0.006331
2066,-0.003023,0.039425999999999996,-7.2e-05
2067,-0.0019320000000000001,0.044749000000000004,-7.099999999999999e-05
2068,0.002321,0.044721,0.003164
2069,0.0076359999999999996,0.037258,6e-06
2070,0.007640999999999999,0.03514,-0.003196
2071,0.008703,0.034071,-0.003188
2072,0.007620999999999999,0.034062,1e-05
2073,0.008684,0.036176,0.0032189999999999996
2074,0.007606999999999999,0.035111,0.004281
2075,-0.0008990000000000001,0.037288,-5.4000000000000005e-05
2076,-0.004076,0.040503,-0.0022170000000000002
2077,-0.007291,0.042624,0.0030989999999999998
2078,-0.007281,0.043693,0.00203
2079,-0.005157,0.040494,0.00098
2080,-0.005162,0.041551,0.0031149999999999997
2081,-0.005143,0.045812,0.0031100000000000004
2082,-0.007281,0.043693,0.00203
2083,-0.008343000000000001,0.04264,-0.000113
2084,-0.006209,0.041572000000000005,-0.001165
2085,-0.0030039999999999997,0.042626,-0.001144
2086,0.00020099999999999998,0.042619,-0.0021899999999999997
2087,0.003392,0.040477,-0.002165
2088,0.0033880000000000004,0.03729,-0.004297
2089,0.005516,0.036217,-0.004281
2090,0.005502,0.036205,-0.001076
2091,0.005488,0.034069999999999996,-5e-06
2092,0.0033590000000000004,0.035143,-2.2e-05
2093,0.00015800000000000002,0.036215,0.001023
2094,-0.002,0.036201,0.0063490000000000005
2095,-0.0030859999999999998,0.036188,0.010614
2096,-0.003076,0.035135,0.007411
2097,-0.006272,0.036212,0.007387
2098,-0.00842,0.039389,0.013778
2099,-0.0009369999999999999,0.042559,0.013826
2100,0.001206,0.043621,0.012771
2101,0.000173,0.053203999999999994,0.014888
2102,-0.0030039999999999997,0.057479999999999996,0.013791999999999999
2103,0.001273,0.054291,0.008485
2104,-0.0008320000000000001,0.062812,0.010596
2105,-0.012582,0.061778999999999994,0.012652
2106,-0.023241,0.06500800000000001,0.013641
2107,-0.026417000000000003,0.073528,0.016812999999999998
2108,-0.015763,0.068173,0.014758000000000002
2109,-0.009372,0.05753200000000001,0.00627
2110,-0.011491,0.058614,0.004118
2111,-0.008286,0.058607000000000006,0.003072
2112,0.011961,0.050026,1.9e-05
2113,0.026892000000000003,0.037238,-0.011609999999999999
2114,0.0183,0.025546,-0.010587000000000001
2115,0.017041,0.013708000000000001,0.020398
2116,0.028627999999999997,-0.00238,0.037591
2117,0.035,-0.006672,0.039777
2118,0.031785,-0.008796,0.040826
2119,0.025341,-0.026849,0.032257999999999995
2120,0.016763,-0.031101,0.037545
2121,0.012553,-0.002388,0.053502
2122,0.012606000000000001,0.021001,0.065223
2123,0.012620000000000001,0.021013,0.062018
2124,0.012683,0.016825,0.043864
2125,0.019136,0.020031999999999998,0.035358999999999995
2126,0.029819,0.023191,0.03543
2127,0.043689,0.023142,0.035526999999999996
2128,0.056433000000000004,0.011375,0.036699
2129,0.060624000000000004,-0.000379,0.042085000000000004
2130,0.054237,0.0039,0.043102999999999995
2131,0.037216,0.01143,0.03977
2132,0.02017,0.011511,0.034309
2133,0.007391,0.017943,0.03528
2134,-0.006416,0.033962,0.037299
2135,-0.01064,0.041442,0.035124
2136,-0.009496,0.051055,0.027642
2137,-0.013658000000000002,0.069201,0.022249
2138,-0.023078,0.091678,0.003994
2139,-0.038908,0.10992400000000001,-0.016436000000000003
2140,-0.057954,0.119681,-0.042219
2141,-0.060020000000000004,0.128236,-0.048654
2142,-0.05368099999999999,0.116487,-0.046458
2143,-0.030416000000000002,0.085453,-0.0313
2144,-0.007156,0.061841,-0.007606999999999999
2145,0.015031999999999998,0.037168,0.016081
2146,0.027686000000000002,0.014709999999999999,0.02688
2147,0.029713999999999997,-0.000245,0.035459
2148,0.02536,-0.006673,0.048256
2149,0.015691,-0.006698999999999999,0.06314299999999999
2150,0.01351,-0.009917,0.07061
2151,0.008185,-0.012012,0.066302
2152,0.009252,-0.010955,0.06737699999999999
2153,0.020983,-0.006756,0.07279400000000001
2154,0.031642,-0.012107,0.069671
2155,0.039124,-0.01212,0.06651900000000001
2156,0.043459,-0.0057090000000000005,0.057995000000000005
2157,0.045655,-0.003539,0.046257
2158,0.045698,0.000743,0.040911
2159,0.040402,0.00504,0.036594999999999996
2160,0.037192,0.00292,0.036576
2161,0.033919,-0.007742,0.041908
2162,0.020035,-0.0055850000000000006,0.047149
2163,0.011505,-0.000246,0.051355
2164,0.009424,0.010419,0.050259
2165,0.006233,0.008317,0.045966
2166,0.011553,0.00298,0.043874
2167,0.013706,0.000868,0.037482
2168,0.005243,0.009448999999999999,0.029935000000000003
2169,-0.001091,0.016958,0.022403
2170,0.0021579999999999998,0.020173,0.014943999999999999
2171,0.001124,0.020206000000000002,0.00746
2172,0.000105,0.026619,0.003171
2173,-0.008405,0.027731,-0.0011619999999999998
2174,-0.010472,0.038408,-0.005463
2175,-0.017849,0.047002999999999996,-0.017276
2176,-0.028393,0.066249,-0.025921
2177,-0.031469,0.07910299999999999,-0.040914
2178,-0.030349,0.088696,-0.043055
2179,-0.031402,0.092956,-0.041999
2180,-0.031426,0.08656900000000001,-0.043059
2181,-0.038883999999999995,0.08554199999999999,-0.046314999999999995
2182,-0.051642999999999994,0.09093,-0.050684
2183,-0.056920000000000005,0.10691500000000001,-0.047536
2184,-0.046308999999999996,0.0994,-0.042112000000000004
2185,-0.033526,0.089789,-0.047351
2186,-0.028176999999999997,0.084478,-0.055853
2187,-0.018547,0.086592,-0.060061
2188,-0.014275,0.083398,-0.0643
2189,-0.002573,0.076962,-0.06314199999999999
2190,-0.001568,0.07478,-0.051380999999999996
2191,-0.016547,0.068428,-0.048273
2192,-0.029335000000000003,0.07803500000000001,-0.041966
2193,-0.03688,0.068444,-0.034527999999999996
2194,-0.039086,0.065204,-0.021721
2195,-0.040175999999999996,0.07155299999999999,-0.009986
2196,-0.036976,0.076847,-0.00463
2197,-0.034852,0.073648,-0.005679
2198,-0.015744,0.04697,-0.010851999999999999
2199,0.00021600000000000002,0.040510000000000004,-0.007528
2200,0.009826999999999999,0.038363,-0.011731
2201,0.018386000000000003,0.040476,-0.014879
2202,0.020477000000000002,0.030881,-0.014852
2203,0.020453,0.025555,-0.014844999999999999
2204,0.018328,0.027693000000000002,-0.014863
2205,0.017238,0.027676,-0.009529000000000001
2206,0.021471,0.025509,-0.004156
2207,0.024619,0.020146,0.002283
2208,0.017146,0.020168000000000002,0.0032990000000000003
2209,0.010808,0.027672000000000002,-0.003165
2210,0.016113,0.020201,-0.004186
2211,0.022514,0.019118,-0.005208
2212,0.018257,0.019141,-0.007375
2213,0.011898,0.026629000000000003,-0.009565
2214,0.007645,0.033023000000000004,-0.006398
2215,0.007640999999999999,0.031957,-0.006397
2216,0.009779000000000001,0.030893,-0.008517
2217,0.005507,0.033026,-0.005345
2218,0.0033880000000000004,0.036229000000000004,-0.005364
2219,0.000177,0.035171,-0.0043170000000000005
2220,-0.006209,0.042633,-9.8e-05
2221,-0.011539,0.039473,-0.004404
2222,-0.009396,0.039474,-0.0065260000000000006
2223,-0.005181,0.034107,-8e-05
2224,-0.000933,0.034075,0.004222999999999999
2225,-0.005171,0.039421,0.003118
2226,-0.014725,0.052229,0.005171
2227,-0.022188,0.056503,0.008318
2228,-0.019041,0.049018,0.012623
2229,-0.011659000000000001,0.038305,0.021234
2230,0.001076,0.038201,0.036278
2231,0.017127,0.058347,0.045978
2232,0.023548,0.068951,0.05241900000000001
2233,0.027752999999999996,0.057210000000000004,0.0546
2234,0.038287,0.031589,0.058979
2235,0.050946,0.013380000000000001,0.072978
2236,0.07111100000000001,0.002605,0.085951
2237,0.09554299999999999,-0.011367,0.09575399999999999
2238,0.109321,-0.032717,0.094809
2239,0.10929200000000001,-0.045475,0.088416
2240,0.10606800000000001,-0.055034000000000007,0.084133
2241,0.108106,-0.077407,0.083107
2242,0.126209,-0.07644,0.091778
2243,0.130486,-0.06371399999999999,0.102474
2244,0.133653,-0.06906,0.10464000000000001
2245,0.122984,-0.064779,0.108832
2246,0.11755399999999999,-0.077577,0.11735699999999999
2247,0.107928,-0.07226,0.127965
2248,0.09940299999999999,-0.065856,0.13217
2249,0.090887,-0.059442999999999996,0.134239
2250,0.083472,-0.050882,0.130971
2251,0.08462,-0.030654,0.13309
2252,0.086673,-0.049832,0.13206099999999998
2253,0.085678,-0.038093,0.12776600000000002
2254,0.093165,-0.031736,0.129946
2255,0.09848,-0.038138,0.127855
2256,0.089902,-0.048757,0.12674100000000002
2257,0.090003,-0.018959,0.134181
2258,0.09206900000000001,-0.037063,0.13101400000000002
2259,0.088974,-0.009372,0.135229
2260,0.094203,-0.022216999999999997,0.145965
2261,0.091988,-0.05835599999999999,0.12783599999999998
2262,0.06954500000000001,-0.064678,0.129824
2263,0.07943,0.006628,0.138347
2264,0.081544,0.0012980000000000001,0.1373
2265,0.06971799999999999,-0.021023,0.13510999999999998
2266,0.073081,-0.028316,0.09134600000000001
2267,0.060313,-0.010205,0.10191499999999999
2268,0.069876,-0.020881999999999998,0.099859
2269,0.073077,-0.0071010000000000005,0.113751
2270,0.075292,0.009941,0.112676
2271,0.071005,-0.0017329999999999997,0.10518399999999999
2272,0.059294000000000006,-0.000609,0.100828
2273,0.048777999999999995,0.012296,0.079373
2274,0.046688,0.016586,0.074012
2275,0.042114,-0.09083300000000001,0.034594
2276,0.041531,0.023128,0.040853
2277,0.060642999999999996,0.038895,0.07728600000000001
2278,0.041520999999999995,0.048583999999999995,0.068594
2279,0.025686,0.072131,0.054565999999999996
2280,0.031088,0.077477,0.044982999999999995
2281,0.027892,0.071127,0.037491000000000003
2282,0.040733,0.052017999999999995,0.009831999999999999
2283,0.028992,0.031896,-0.009452
2284,-0.024346,0.05224500000000001,0.009377
2285,0.042876,0.094459,0.050385
2286,0.087689,0.08794099999999999,0.043229000000000004
2287,0.064218,0.06362000000000001,0.018527000000000002
2288,0.023778,0.06279,-0.005255
2289,-0.0071319999999999995,0.051253,-0.023615999999999998
2290,-0.016825,0.039534,-0.015123
2291,-0.019031,0.055393,0.016888
2292,0.002345,0.094609,0.047965
2293,0.014066,0.100922,0.057652999999999996
2294,0.016219,0.076528,0.028857
2295,0.020457,0.03723,-0.004178
2296,0.0034119999999999997,0.025639999999999996,-0.021373
2297,-0.015792,0.034196,-0.012972999999999998
2298,-0.000904,0.04365,0.007415000000000001
2299,0.011865,0.03827,0.009648
2300,0.012956,0.043593,0.009649
2301,0.006606999999999999,0.05533300000000001,0.009589
2302,0.003407,0.047917,0.0020989999999999997
2303,0.002316,0.035168,-0.005370000000000001
2304,0.001235,0.029854000000000002,-0.007506999999999999
2305,-0.003018,0.036247,-0.00434
2306,-0.0051329999999999995,0.04476,-9.300000000000001e-05
2307,0.000192,0.047916,0.005281
2308,-0.0030329999999999997,0.046844,0.009533
2309,-0.011539,0.044778,0.00093
2310,-0.003014,0.042618,0.000993
2311,-0.000947,0.034062,0.007427
2312,-0.002,0.039383999999999995,0.00955
2313,-0.0019850000000000002,0.039397,0.006345
2314,0.000149,0.039389,0.00636
2315,-0.0009519999999999999,0.032997000000000005,0.007429000000000001
2316,0.0012109999999999998,0.035137,0.003168
2317,0.002287,0.037264,0.003173
2318,0.002278,0.037255,0.005309
2319,-0.002009,0.036192,0.008485
2320,-0.001995,0.037266,0.0063479999999999995
2321,-0.004118999999999999,0.035160000000000004,0.0020629999999999997
2322,-0.005171,0.037299,0.000984
2323,-0.006243,0.037298000000000005,0.002045
2324,-0.006248,0.035172,0.00098
2325,-0.0030280000000000003,0.039422000000000006,0.000997
2326,-0.001966,0.034109,-0.0032619999999999997
2327,-0.003023,0.03306,-0.0064730000000000005
2328,-0.0040950000000000005,0.03412,-0.004345
2329,0.0012109999999999998,0.034076,0.002101
2330,0.0022440000000000003,0.032982,0.008519
2331,0.006487000000000001,0.031883999999999996,0.012823
2332,0.009631,0.022272999999999998,0.016062
2333,0.014893,0.010519,0.020387
2334,0.01805,0.0051649999999999995,0.024689
2335,0.023399,0.011525,0.027922000000000002
2336,0.017016999999999997,0.013687000000000001,0.025738999999999998
2337,0.014925999999999998,0.020097999999999998,0.022511
2338,0.01495,0.019059,0.016103
2339,0.020347,0.027583,0.010789
2340,0.013984,0.032945,0.007533
2341,0.005521,0.039405,-0.002148
2342,0.004507,0.041576999999999996,-0.011772
2343,0.004483,0.037312,-0.010699
2344,-0.0008179999999999999,0.044787,-0.010745000000000001
2345,-0.002956,0.042669,-0.011826
2346,-0.004004,0.046932999999999996,-0.011839
2347,-0.005071,0.047998,-0.010779
2348,0.000268,0.044801,-0.015011000000000002
2349,0.00135,0.04481,-0.018208000000000002
2350,-0.0018559999999999998,0.044817,-0.017162
2351,-0.0071849999999999995,0.046962000000000004,-0.016134
2352,-0.011438,0.050172,-0.016168000000000002
2353,-0.011424,0.052307000000000006,-0.017238
2354,-0.009304999999999999,0.051226,-0.015086000000000002
2355,-0.010371,0.050169,-0.01616
2356,-0.010376,0.050164,-0.015092
2357,-0.008251999999999999,0.050148000000000005,-0.012941
2358,-0.003999,0.047999,-0.01184
2359,-0.001865,0.050113,-0.009691
2360,-0.001875,0.049044,-0.008622
2361,-0.002942,0.049047,-0.008629000000000001
2362,-0.005065999999999999,0.051185,-0.008647
2363,-0.007219,0.050115,-0.005456
2364,-0.0083,0.047984,-0.004392
2365,-0.006176,0.047968000000000004,-0.002241
2366,-0.0051140000000000005,0.04796,-0.001165
2367,-0.0019039999999999999,0.050079000000000005,-0.001146
2368,-0.0019039999999999999,0.049018,-0.0022129999999999997
2369,-0.004023,0.049038,-0.005432
2370,-0.0072239999999999995,0.04905,-0.005454
2371,-0.007219,0.051176,-0.004389
2372,-0.008251999999999999,0.056514,-0.006539
2373,-0.009252,0.06612699999999999,-0.0119
2374,-0.008270999999999999,0.051192,-0.007601
2375,-0.009337999999999999,0.052257000000000005,-0.006542
2376,-0.006157,0.051168,-0.0033130000000000004
2377,-0.004037,0.050087,-0.001161
2378,-0.00509,0.053286,-0.001172
2379,-0.002966,0.047965,-0.0043549999999999995
2380,-0.002951,0.047978,-0.007559999999999999
2381,-0.006142,0.05012,-0.007585
2382,-0.009343,0.054375,-0.0033399999999999997
2383,-0.012523999999999999,0.057586,-0.0044340000000000004
2384,-0.0125,0.06079,-0.006575
2385,-0.009323999999999999,0.053330999999999996,-0.008679000000000001
2386,-0.0071849999999999995,0.053328,-0.009733
2387,-0.002918,0.053313,-0.009703
2388,-0.006138,0.050124,-0.008653000000000001
2389,-0.010395,0.053329999999999995,-0.007619
2390,-0.010386,0.056522,-0.006554000000000001
2391,-0.011433,0.060787,-0.006567
2392,-0.011438,0.060782,-0.005499
2393,-0.01252,0.055467999999999996,-0.0076359999999999996
2394,-0.009285,0.05973099999999999,-0.010824
2395,-0.006104,0.05864199999999999,-0.007595
2396,-0.010381,0.056526,-0.007622
2397,-0.011443,0.056534,-0.008698000000000001
2398,-0.01252,0.056528999999999996,-0.006569
2399,-0.011457,0.05546,-0.00656
2400,-0.011453,0.057587,-0.005495
2401,-0.009266,0.063992,-0.010829
2402,-0.011395,0.06400399999999999,-0.011912
2403,-0.018969,0.041655000000000005,-0.010868000000000001
2404,-0.0071849999999999995,0.052266999999999994,-0.010799
2405,-0.000789,0.054362,-0.007553
2406,-0.003989,0.057555999999999996,-0.004375
2407,-0.006128,0.055437,-0.005455
2408,0.001335,0.049041,-0.010736
2409,-0.001889,0.041604,-0.012884999999999999
2410,-0.002975,0.041591,-0.008620000000000001
2411,-0.006181,0.04372,-0.0054399999999999995
2412,-0.008265999999999999,0.050136,-0.009736
2413,-0.009271,0.058683000000000006,-0.015094999999999999
2414,-0.016715,0.061913,-0.017287999999999998
2415,-0.017782,0.05979500000000001,-0.019429
2416,-0.014615000000000001,0.054449000000000004,-0.017263
2417,-0.013567,0.05230599999999999,-0.015116999999999998
2418,-0.012523999999999999,0.053341999999999994,-0.008702
2419,-0.014648,0.056540999999999994,-0.007652
2420,-0.016753,0.056574,-0.014075999999999998
2421,-0.017753,0.065125,-0.020503999999999998
2422,-0.018791,0.068338,-0.023719999999999998
2423,-0.025183,0.068369,-0.025901
2424,-0.017763,0.05769,-0.025835000000000004
2425,-0.012496,0.054429,-0.014044
2426,-0.014634000000000001,0.059737,-0.0076560000000000005
2427,-0.01573,0.052288,-0.008723
2428,-0.013572,0.05018,-0.016182
2429,-0.00607,0.051245000000000006,-0.022541
2430,0.000288,0.046939999999999996,-0.01715
2431,0.0032630000000000003,0.01702,0.003206
2432,0.014916999999999998,0.013724,0.018246000000000002
2433,0.020165,0.006201,0.030043
2434,0.018007,0.006188,0.035369
2435,0.015907,0.007286,0.028944
2436,0.013816,0.006271,0.018248
2437,0.011745,0.013761,0.011815
2438,0.009659000000000001,0.022299,0.009653
2439,0.0043630000000000006,0.030839,0.009604999999999999
2440,-0.00309,0.033,0.008482
2441,-0.000904,0.040467,0.004215
2442,-0.0030329999999999997,0.038356,0.000998
2443,-0.003042,0.034104,-0.0011330000000000001
2444,-0.0019760000000000003,0.036222000000000004,0.001008
2445,-0.000909,0.037279,0.002082
2446,0.001206,0.035133,0.004236
2447,0.0033009999999999997,0.028725,0.006396
2448,0.007526000000000001,0.023367,0.010705
2449,0.007511,0.021232,0.011776
2450,0.008564,0.021216,0.014988
2451,0.010697,0.021208,0.015003
2452,0.00854,0.018011000000000003,0.017128
2453,0.00853,0.015881,0.017131
2454,0.0074730000000000005,0.018015,0.017121
2455,0.007462999999999999,0.016946,0.01819
2456,0.004267,0.016961,0.0171
2457,0.012844999999999999,0.021214,0.011812999999999999
2458,0.016069999999999997,0.024406999999999998,0.009695
2459,0.004243,0.011635,0.017106
2460,0.0074730000000000005,0.019076,0.018188
2461,0.014936000000000001,0.017985,0.018241
2462,0.012798,0.019049,0.020361
2463,0.009635,0.024399,0.017128
2464,0.005406,0.02657,0.010686
2465,0.007534999999999999,0.021254,0.006435
2466,0.013908000000000002,0.019084,0.010754999999999999
2467,0.007492,0.020154,0.014981999999999999
2468,0.00112,0.026568,0.014929
2469,0.0032869999999999996,0.029774000000000002,0.010667
2470,0.002225,0.02766,0.007458
2471,0.007540000000000001,0.024441,0.008567
2472,0.007540000000000001,0.025502,0.009634
2473,0.0032719999999999997,0.027638999999999997,0.011738
2474,0.001153,0.029781000000000002,0.010652
2475,0.004354,0.027648000000000002,0.008541
2476,0.010731000000000001,0.02336,0.009659000000000001
2477,0.010697,0.019086000000000002,0.012869
2478,0.005353,0.019096000000000002,0.014968
2479,0.005377000000000001,0.023362,0.013895
2480,0.005382,0.023366,0.012825999999999999
2481,0.008564,0.019094,0.012853999999999999
2482,0.012822,0.018009,0.013953
2483,0.01174,0.016939,0.016084
2484,0.002177,0.024434,0.014939
2485,0.000139,0.039381,0.008496
2486,0.006564,0.038319,0.002133
2487,0.006462999999999999,0.020191999999999998,0.006429000000000001
2488,0.009664,0.024425,0.010718
2489,0.007529999999999999,0.026554,0.012837000000000001
2490,-0.0009609999999999999,0.039355,0.015966
2491,0.000149,0.041511,0.008494
2492,0.005454,0.031918,0.005338
2493,0.010740999999999999,0.023369,0.007523
2494,0.01496,0.018006,0.0129
2495,0.0074730000000000005,0.019076,0.018188
2496,0.00432,0.025496,0.013884
2497,0.001158,0.029785000000000002,0.009584
2498,9.1e-05,0.029789,0.009576000000000001
2499,0.0033009999999999997,0.029786,0.007462000000000001
2500,0.00543,0.029775,0.008546
2501,0.004359,0.029774000000000002,0.009606
2502,0.001168,0.032977,0.010648000000000001
2503,0.002254,0.036173000000000004,0.009583
2504,0.0033299999999999996,0.036177999999999995,0.0074540000000000006
2505,0.003311,0.030856,0.006393
2506,0.0033009999999999997,0.028725,0.006396
2507,0.002215,0.02659,0.008527
2508,0.0032770000000000004,0.027643,0.01067
2509,0.006478,0.028693,0.011759
2510,0.006462999999999999,0.025497,0.011763
2511,0.007529999999999999,0.025493000000000002,0.011770000000000001
2512,0.006487000000000001,0.027639999999999998,0.008556
2513,0.002234,0.030851,0.008522
2514,0.000129,0.036189,0.007431999999999999
2515,0.00233,0.046851,0.0031609999999999997
2516,0.0043630000000000006,0.028717000000000003,0.007470999999999999
2517,0.0054009999999999996,0.026566000000000003,0.011754
2518,0.007511,0.021232,0.011776
2519,0.009631,0.021212,0.014995
2520,0.008578,0.025473,0.016051
2521,0.006468000000000001,0.027623,0.012828
2522,0.007554000000000001,0.028698,0.00963
2523,0.006502,0.029775,0.0074849999999999995
2524,0.005416,0.027639999999999998,0.009616
2525,0.0011480000000000001,0.028716000000000002,0.010653
2526,0.003296,0.030843000000000002,0.009597
2527,0.002254,0.034051,0.00745
2528,0.001187,0.032994,0.006375
2529,0.001172,0.03192,0.008513
2530,0.004378,0.031913,0.0074670000000000005
2531,0.004372999999999999,0.031909,0.008535
2532,0.004378,0.031913,0.0074670000000000005
2533,0.005449,0.031914,0.0064069999999999995
2534,0.0033060000000000003,0.031913,0.008528
2535,0.001182,0.034051,0.00851
2536,0.002254,0.035112,0.008517
2537,-0.002014,0.034066,0.00742
2538,0.0033009999999999997,0.029786,0.007462000000000001
2539,0.006511,0.030844999999999997,0.0064150000000000006
2540,0.005445,0.030848,0.006408
2541,0.003311,0.031917,0.00746
2542,0.000125,0.034063,0.006367
2543,0.001191,0.034059,0.006374
2544,0.002268,0.035125,0.005312
2545,0.002268,0.036186,0.006379
2546,-0.000923,0.038327999999999994,0.006354
2547,-0.000909,0.040462,0.0052829999999999995
2548,-0.004109000000000001,0.040474,0.005261
2549,-0.00088,0.044732,0.003141
2550,0.005521,0.042588,0.001052
2551,0.00543,0.029775,0.008546
2552,0.002254,0.037233999999999996,0.01065
2553,0.003311,0.032978,0.008527
2554,0.002258,0.035116,0.007448000000000001
2555,0.006531,0.037228,0.008544
2556,0.004392,0.035108999999999994,0.007462999999999999
2557,0.0033539999999999998,0.039382,0.005314
2558,0.00016299999999999998,0.040463,0.004222
2559,-0.0019760000000000003,0.040466,0.005275
2560,0.000153,0.038332,0.004225
2561,-0.000923,0.036206,0.004220000000000001
2562,0.000153,0.039393,0.005292
2563,0.00015800000000000002,0.039398,0.004224
2564,-0.003023,0.041548,0.002062
2565,-0.0008990000000000001,0.03941,0.0020800000000000003
2566,-0.001971,0.039409,0.00314
2567,0.00123,0.039398,0.003163
2568,0.001239,0.040468000000000004,0.002093
2569,0.000168,0.039406000000000004,0.0020870000000000003
2570,0.00016299999999999998,0.039402,0.0031550000000000003
2571,-0.00198,0.039401,0.0052770000000000004
2572,-0.004118999999999999,0.038343,0.005263
2573,-0.005181,0.039412,0.005254
2574,-0.0009130000000000001,0.039397,0.0052840000000000005
2575,-0.00199,0.036209,0.004213000000000001
2576,0.001215,0.039385,0.006367
2577,0.00015800000000000002,0.039398,0.004224
2578,0.000153,0.038332,0.004225
2579,0.00015800000000000002,0.039398,0.004224
2580,0.00016299999999999998,0.038341,0.002088
2581,0.00016299999999999998,0.038341,0.002088
2582,-0.003042,0.038348,0.003134
2583,-0.000904,0.039406000000000004,0.003148
2584,-0.0009130000000000001,0.039397,0.0052840000000000005
2585,-0.0008990000000000001,0.040471,0.003147
2586,-0.001966,0.042597,0.005273
2587,-0.005171,0.041543000000000004,0.005252000000000001
2588,-0.00298,0.049013,-8.4e-05
2589,0.0055119999999999995,0.039396,-1.2e-05
2590,0.007568999999999999,0.030832,0.008559
2591,0.0033200000000000005,0.035108,0.008524
2592,0.000125,0.034063,0.006367
2593,0.001206,0.038316,0.007437
2594,0.004416,0.038313,0.005323
2595,0.0033539999999999998,0.039382,0.005314
2596,-0.000904,0.040467,0.004215
2597,0.000153,0.040454000000000004,0.006359
2598,0.00015800000000000002,0.039398,0.004224
2599,-0.0019760000000000003,0.040466,0.005275
2600,-0.004085,0.041556,0.000986
2601,-0.004076,0.042625,-8.3e-05
2602,-0.001966,0.039414,0.002072
2603,-0.001961,0.040479,0.002071
2604,-0.0041,0.040482,0.003124
2605,-0.001971,0.04047,0.004207
2606,0.00123,0.040458999999999995,0.004229999999999999
2607,0.001239,0.040468000000000004,0.002093
2608,0.000182,0.041541,0.001016
2609,0.001225,0.039394,0.004231
2610,0.000149,0.038327999999999994,0.005293
2611,-0.00198,0.03834,0.00421
2612,-0.003047,0.037283,0.003136
2613,-0.001971,0.039409,0.00314
2614,0.000153,0.038332,0.004225
2615,-0.0008990000000000001,0.040471,0.003147
2616,-0.000909,0.040462,0.0052829999999999995
2617,0.000168,0.039406000000000004,0.0020870000000000003
2618,-0.001971,0.039409,0.00314
2619,-0.001971,0.038348,0.002074
2620,-0.001971,0.039409,0.00314
2621,-0.000904,0.039406000000000004,0.003148
2622,0.00015800000000000002,0.038337,0.003157
2623,-0.0019760000000000003,0.038344,0.0031420000000000003
2624,-0.001956,0.041544,0.00207
2625,-0.003042,0.04047,0.005268
2626,-0.006224,0.04262,0.003107
2627,-0.0008460000000000001,0.047945,-0.0011359999999999999
2628,0.0044210000000000005,0.037257,0.003188
2629,0.004382,0.034039,0.008533
2630,0.002278,0.037255,0.005309
2631,0.002268,0.037247,0.0074459999999999995
2632,0.0044020000000000005,0.038301,0.008527
2633,0.005473,0.037239999999999995,0.0064
2634,0.0033539999999999998,0.038321,0.004247
2635,0.002292,0.041512,0.006372
2636,0.001225,0.040455,0.005298
2637,0.001225,0.039394,0.004231
2638,-0.0040950000000000005,0.039425,0.000989
2639,-0.005152,0.04156,0.0009789999999999998
2640,-0.001966,0.039414,0.002072
2641,-0.003042,0.038348,0.003134
2642,-0.005167000000000001,0.038363999999999995,0.000983
2643,-0.006229,0.038372,-9.300000000000001e-05
2644,-0.003014,0.041556,-7.4e-05
2645,-0.001947,0.041553,-6.7e-05
2646,-0.004085,0.040494999999999996,-8e-05
2647,-0.0030280000000000003,0.040483,0.0020629999999999997
2648,-0.0040950000000000005,0.039425,0.000989
2649,-0.0030329999999999997,0.038356,0.000998
2650,-0.0051909999999999994,0.036220999999999996,0.00419
2651,-0.0051909999999999994,0.036220999999999996,0.00419
2652,-0.0019850000000000002,0.035153,0.002078
2653,-0.003062,0.035148,0.0042060000000000005
2654,-0.000918,0.03621,0.003152
2655,0.000139,0.036198,0.005296
2656,-0.0009130000000000001,0.037275,0.003151
2657,-0.0008990000000000001,0.03941,0.0020800000000000003
2658,-0.003023,0.037304000000000004,-0.002205
2659,-0.0009130000000000001,0.037275,0.003151
2660,0.0033539999999999998,0.040443,0.006381
2661,0.0033539999999999998,0.041504,0.007448000000000001
2662,0.005483,0.040432,0.007464
2663,0.0022489999999999997,0.035108,0.009585
2664,0.004397,0.038296,0.009595999999999999
2665,0.010787999999999999,0.038265,0.011777
2666,0.011769,0.027575,0.020343
2667,0.009659000000000001,0.031848,0.019255
2668,0.004344,0.031883,0.014944999999999998
2669,0.0011769999999999999,0.03829,0.013846
2670,0.000153,0.042575999999999996,0.008492
2671,0.00018700000000000002,0.043667000000000004,0.002082
2672,-0.001918,0.0437,-0.004342
2673,-0.005095000000000001,0.047977,-0.005438
2674,-0.005095000000000001,0.050099,-0.003304
2675,-0.008286,0.05118,-0.004396
2676,-0.010424,0.050122,-0.00441
2677,-0.010448,0.046917,-0.00227
2678,-0.011534,0.044782,-0.000138
2679,-0.007281,0.042631999999999996,0.0009630000000000001
2680,-0.007305,0.039428,0.0031030000000000003
2681,-0.0040950000000000005,0.041547,0.003123
2682,-0.003018,0.043674,0.003128
2683,-0.006195,0.044768,-0.001169
2684,-0.007248,0.045845,-0.003314
2685,-0.007233,0.04798,-0.004385
2686,-0.009356999999999999,0.049056999999999996,-0.005469
2687,-0.00829,0.049053,-0.005462
2688,-0.010429,0.047994999999999996,-0.005475
2689,-0.008295,0.047988,-0.005461
2690,-0.009376,0.046918,-0.0033299999999999996
2691,-0.009367,0.049049,-0.003333
2692,-0.00831,0.049036,-0.001189
2693,-0.0083,0.049045,-0.003325
2694,-0.007238,0.047976,-0.003317
2695,-0.006176,0.046907,-0.0033079999999999997
2696,-0.0051329999999999995,0.04476,-9.300000000000001e-05
2697,-0.007267,0.044767,-0.00010800000000000001
2698,-0.006205,0.044759,0.000968
2699,-0.0062,0.045824000000000004,0.0009660000000000001
2700,0.000244,0.051144999999999996,-0.003268
2701,0.002321,0.042599,0.00103
2702,0.003325,0.036174,0.008523000000000001
2703,0.001206,0.040438,0.009571
2704,0.002278,0.040438999999999996,0.00851
2705,0.0033539999999999998,0.042565,0.008515
2706,0.0033539999999999998,0.040443,0.006381
2707,0.00123,0.038337,0.002096
2708,0.00016299999999999998,0.039402,0.0031550000000000003
2709,0.00123,0.040458999999999995,0.004229999999999999
2710,-0.0019760000000000003,0.039405,0.004209
2711,-0.0008990000000000001,0.040471,0.003147
2712,-0.004104,0.039417,0.003125
2713,-0.0030329999999999997,0.039417,0.002065
2714,-0.003038,0.038352,0.002066
2715,-0.005176,0.038355,0.0031190000000000002
2716,-0.00198,0.037279,0.003143
2717,-0.00198,0.037279,0.003143
2718,-0.000909,0.03834,0.003149
2719,-0.000909,0.037279,0.002082
2720,0.000144,0.035141000000000006,0.0031609999999999997
2721,0.000129,0.033006,0.004231
2722,-0.0009519999999999999,0.030875,0.005295
2723,-0.002009,0.031948000000000004,0.004218
2724,-0.0009369999999999999,0.033010000000000005,0.004224
2725,0.000139,0.036198,0.005296
2726,0.000144,0.037263,0.005294
2727,0.000134,0.034071,0.004229999999999999
2728,-0.000918,0.03621,0.003152
2729,-0.000918,0.03621,0.003152
2730,-0.003057,0.037274,0.005272
2731,-0.0008990000000000001,0.03941,0.0020800000000000003
2732,0.002302,0.038338,0.001035
2733,0.004359,0.02553,0.005339
2734,0.005406,0.02657,0.010686
2735,0.006468000000000001,0.027623,0.012828
2736,0.006468000000000001,0.030806,0.016028999999999998
2737,0.006502,0.03508,0.012819
2738,0.006511,0.031906,0.007481999999999999
2739,0.005449,0.029792000000000003,0.004273
2740,0.006516,0.03191,0.006414
2741,0.004368,0.031905,0.009604000000000001
2742,-0.002023,0.031936,0.007422
2743,-0.003066,0.035144,0.005275
2744,-0.003057,0.036213,0.0042049999999999995
2745,-0.0019850000000000002,0.035153,0.002078
2746,-0.003062,0.035148,0.0042060000000000005
2747,0.000144,0.037263,0.005294
2748,0.002287,0.038325,0.00424
2749,0.00122,0.037268,0.003165
2750,-0.000918,0.03621,0.003152
2751,0.001215,0.036202,0.003167
2752,0.000134,0.034071,0.004229999999999999
2753,0.000129,0.034067,0.005298
2754,0.000125,0.033002,0.0053
2755,0.000129,0.034067,0.005298
2756,0.000134,0.035132,0.005297
2757,0.001187,0.034055,0.007442
2758,0.0033350000000000003,0.036182,0.006386
2759,0.002287,0.037264,0.003173
2760,0.002278,0.038316,0.006376
2761,-0.003042,0.038348,0.003134
2762,0.001263,0.045794,0.0020870000000000003
2763,0.004378,0.031913,0.0074670000000000005
2764,0.004359,0.029774000000000002,0.009606
2765,0.00543,0.029775,0.008546
2766,0.0043630000000000006,0.029778,0.008537999999999999
2767,0.005445,0.035092,0.010675
2768,0.006534999999999999,0.037232,0.007475
2769,0.002287,0.037264,0.003173
2770,0.00122,0.037268,0.003165
2771,0.002273,0.03619,0.005311
2772,-0.000933,0.035136,0.0052899999999999996
2773,-0.001995,0.036205,0.005281
2774,-0.001966,0.039414,0.002072
2775,0.001225,0.039394,0.004231
2776,-0.000918,0.03621,0.003152
2777,-0.0019850000000000002,0.037275,0.004211
2778,0.002278,0.037255,0.005309
2779,0.002282,0.03726,0.004241
2780,0.000153,0.037271,0.0031579999999999998
2781,-0.001971,0.039409,0.00314
2782,-0.00198,0.03834,0.00421
2783,-0.00199,0.03727,0.005279
2784,-0.000923,0.036206,0.004220000000000001
2785,-0.000923,0.035144999999999996,0.003153
2786,0.00123,0.038337,0.002096
2787,0.000149,0.038327999999999994,0.005293
2788,-0.0009130000000000001,0.038336,0.004217
2789,0.000173,0.040472,0.0020859999999999997
2790,0.00016299999999999998,0.038341,0.002088
2791,-0.005181,0.039412,0.005254
2792,-0.0008609999999999999,0.044749000000000004,-0.001132
2793,0.004397,0.034052,0.005328
2794,0.001168,0.031916,0.009581000000000001
2795,0.001182,0.03299,0.007444
2796,0.001196,0.035124,0.006372999999999999
2797,0.0033350000000000003,0.038304000000000005,0.00852
2798,0.004411,0.037248,0.005324000000000001
2799,0.002297,0.037273,0.001037
2800,0.000173,0.040472,0.0020859999999999997
2801,0.00122,0.038329,0.004232
2802,0.000144,0.037263,0.005294
2803,-0.005181,0.038350999999999996,0.004188
2804,-0.0030329999999999997,0.040478,0.0031320000000000002
2805,-0.0019760000000000003,0.038344,0.0031420000000000003
2806,-0.0019850000000000002,0.036213999999999996,0.003144
2807,-0.0019850000000000002,0.037275,0.004211
2808,-0.001971,0.039409,0.00314
2809,0.001225,0.039394,0.004231
2810,-0.000909,0.03834,0.003149
2811,-0.0008990000000000001,0.03941,0.0020800000000000003
2812,-0.000909,0.03834,0.003149
2813,-0.0009279999999999999,0.036201,0.005288
2814,-0.002,0.03514,0.005282
2815,-0.0009369999999999999,0.033010000000000005,0.004224
2816,-0.000933,0.035136,0.0052899999999999996
2817,0.000149,0.038327999999999994,0.005293
2818,0.00015800000000000002,0.040458999999999995,0.0052899999999999996
2819,0.00015800000000000002,0.038337,0.003157
2820,-0.0008990000000000001,0.03941,0.0020800000000000003
2821,0.000173,0.041533,0.003153
2822,-0.006243,0.03942,0.0041789999999999996
2823,-0.005138,0.042633,-0.001159
2824,0.004435000000000001,0.03833,0.00105
2825,0.002239,0.031916,0.008520999999999999
2826,0.000125,0.035124,0.0074329999999999995
2827,0.001215,0.037263,0.004234
2828,0.002278,0.039376999999999995,0.007443000000000001
2829,0.005459,0.036166000000000004,0.008537999999999999
2830,0.004425999999999999,0.037261,0.00212
2831,-0.000909,0.037279,0.002082
2832,0.002278,0.037255,0.005309
2833,0.000149,0.038327999999999994,0.005293
2834,-0.007305,0.038367,0.002036
2835,-0.006229,0.039432999999999996,0.000974
2836,-0.0040950000000000005,0.039425,0.000989
2837,-0.0030329999999999997,0.038356,0.000998
2838,-0.006214,0.041568,-9.7e-05
2839,-0.005147,0.043686,0.002045
2840,-0.0008849999999999999,0.042606,0.002076
2841,-0.002999,0.044752,-7.8e-05
2842,-0.004079999999999999,0.043682,0.002052
2843,-0.004085,0.041556,0.000986
2844,-0.001966,0.040475,0.003139
2845,-0.005167000000000001,0.038363999999999995,0.000983
2846,-0.006219,0.041563,0.0009720000000000001
2847,-0.003018,0.042613,0.002061
2848,-0.001961,0.042601,0.0042049999999999995
2849,-0.003018,0.043674,0.003128
2850,-0.004071,0.044752,0.000982
2851,-0.0019370000000000001,0.043683,-7e-05
2852,-0.004076,0.043686,0.000984
2853,-0.004079999999999999,0.043682,0.002052
2854,-0.004076,0.045808999999999996,0.003117
2855,-0.006209,0.042633,-9.8e-05
2856,-0.000842,0.047949,-0.002204
2857,0.0033490000000000004,0.037256,0.004249
2858,-0.000933,0.038319,0.008490000000000001
2859,-0.003038,0.043657,0.0074
2860,-0.0008849999999999999,0.04685,0.006343
2861,0.000182,0.045785,0.0052840000000000005
2862,0.000182,0.043663,0.00315
2863,-0.004061,0.045821,-8.7e-05
2864,-0.005109000000000001,0.049025,-0.001167
2865,-0.005123,0.04689,-9.6e-05
2866,-0.010448,0.047978,-0.0012029999999999999
2867,-0.009367,0.049049,-0.003333
2868,-0.009356999999999999,0.050118,-0.0044020000000000005
2869,-0.007238,0.047976,-0.003317
2870,-0.008295,0.049049,-0.0043939999999999995
2871,-0.006171,0.047972,-0.0033090000000000003
2872,-0.006181,0.046903,-0.00224
2873,-0.0051140000000000005,0.046899,-0.002232
2874,-0.004057,0.044765,-0.002222
2875,-0.005118999999999999,0.043712,-0.004365
2876,-0.005152,0.040499,-8.8e-05
2877,-0.005162,0.039429,0.000982
2878,-0.003038,0.038352,0.002066
2879,-0.000909,0.037279,0.002082
2880,-0.0019850000000000002,0.036213999999999996,0.003144
2881,-0.000909,0.037279,0.002082
2882,0.000144,0.035141000000000006,0.0031609999999999997
2883,0.000129,0.033006,0.004231
2884,-0.000923,0.035144999999999996,0.003153
2885,-0.0019760000000000003,0.038344,0.0031420000000000003
2886,0.000139,0.037259,0.006363000000000001
2887,0.001201,0.03619,0.006371
2888,0.006555,0.038310000000000004,0.00427
2889,0.006483,0.026575,0.008556999999999999
2890,0.004344,0.026577999999999997,0.009609999999999999
2891,0.006487000000000001,0.030823000000000003,0.011756
2892,0.006497,0.034015,0.012819999999999998
2893,0.006511,0.037211,0.012816
2894,0.005454,0.03404,0.0074719999999999995
2895,0.002278,0.034072000000000005,0.002109
2896,0.0012109999999999998,0.035137,0.003168
2897,-0.000923,0.036206,0.004220000000000001
2898,-0.004124,0.035156,0.0031309999999999997
2899,-0.003042,0.038348,0.003134
2900,-0.004109000000000001,0.038352,0.003127
2901,-0.0030329999999999997,0.039417,0.002065
2902,-0.003052,0.035156,0.00207
2903,-0.0009130000000000001,0.037275,0.003151
2904,0.001206,0.036194,0.005303
2905,0.00122,0.038329,0.004232
2906,-0.000918,0.037271,0.004219
2907,-0.00199,0.036209,0.004213000000000001
2908,-0.000923,0.035144999999999996,0.003153
2909,0.001206,0.035133,0.004236
2910,0.000129,0.035128,0.006365
2911,-0.0009279999999999999,0.036201,0.005288
2912,-0.000933,0.035136,0.0052899999999999996
2913,0.0033350000000000003,0.035121,0.005319
2914,0.002268,0.035125,0.005312
2915,0.0012109999999999998,0.036198,0.004235
2916,0.0012109999999999998,0.037259,0.005302
2917,0.000139,0.037259,0.006363000000000001
2918,-0.004118999999999999,0.037282,0.004196
2919,0.001254,0.042602999999999995,0.0010220000000000001
2920,0.0022489999999999997,0.031925,0.006384
2921,0.0022489999999999997,0.032986,0.007451
2922,0.0022489999999999997,0.031925,0.006384
2923,0.0022489999999999997,0.036169,0.010652
2924,0.0033350000000000003,0.038304000000000005,0.00852
2925,0.0033350000000000003,0.035121,0.005319
2926,0.0033439999999999998,0.03513,0.0031829999999999996
2927,0.002282,0.036199,0.0031739999999999997
2928,0.000139,0.036198,0.005296
2929,-0.003071,0.034078,0.0052759999999999994
2930,-0.003066,0.035144,0.005275
2931,-0.004109000000000001,0.039413,0.004194
2932,0.00016299999999999998,0.039402,0.0031550000000000003
2933,0.000153,0.037271,0.0031579999999999998
2934,-0.00198,0.037279,0.003143
2935,0.0012109999999999998,0.037259,0.005302
2936,0.002278,0.037255,0.005309
2937,0.00122,0.036206999999999996,0.0020989999999999997
2938,0.000153,0.038332,0.004225
2939,0.000149,0.036206,0.003159
2940,-0.000923,0.036206,0.004220000000000001
2941,-0.000933,0.035136,0.0052899999999999996
2942,-0.0020039999999999997,0.035136,0.00635
2943,0.000134,0.035132,0.005297
2944,0.0033399999999999997,0.037248,0.006385
2945,0.002278,0.036194,0.004242
2946,0.002287,0.036203,0.002106
2947,0.001225,0.036211,0.00103
2948,0.000168,0.038345,0.0010199999999999999
2949,-0.001966,0.040475,0.003139
2950,-0.0041329999999999995,0.036208,0.006334
2951,-0.0030280000000000003,0.040483,0.0020629999999999997
2952,0.005488,0.036192,0.002128
2953,0.00755,0.027632,0.009631
2954,0.0033060000000000003,0.031913,0.008528
2955,0.0022440000000000003,0.032982,0.008519
2956,0.0033159999999999995,0.035104,0.009592
2957,0.004397,0.036174,0.007462000000000001
2958,0.0044020000000000005,0.036179,0.0063939999999999995
2959,0.001215,0.036202,0.003167
2960,0.000139,0.035137,0.004229
2961,0.002273,0.037251,0.006377000000000001
2962,-0.000933,0.035136,0.0052899999999999996
2963,-0.004118999999999999,0.037282,0.004196
2964,-0.001971,0.039409,0.00314
2965,-0.0019760000000000003,0.039405,0.004209
2966,-0.001966,0.039414,0.002072
2967,-0.003042,0.039409,0.004201
2968,-0.00198,0.03834,0.00421
2969,0.00123,0.040458999999999995,0.004229999999999999
2970,-0.0008990000000000001,0.040471,0.003147
2971,0.000168,0.040467,0.003154
2972,-0.001971,0.039409,0.00314
2973,0.00016299999999999998,0.039402,0.0031550000000000003
2974,-0.003057,0.036213,0.0042049999999999995
2975,-0.000918,0.037271,0.004219
2976,-0.000918,0.039393,0.006352
2977,0.000139,0.036198,0.005296
2978,-0.0009130000000000001,0.038336,0.004217
2979,0.00015800000000000002,0.038337,0.003157
2980,-0.0008990000000000001,0.041532,0.004213000000000001
2981,-0.0008990000000000001,0.040471,0.003147
2982,-0.0030280000000000003,0.040483,0.0020629999999999997
2983,-0.0041,0.039421,0.0020570000000000002
2984,-0.001956,0.041544,0.00207
2985,-0.003042,0.039409,0.004201
2986,-0.005152,0.042621,0.002046
2987,0.003407,0.044733999999999996,-0.001102
2988,0.004382,0.034039,0.008533
2989,0.001196,0.037246,0.008506
2990,0.001196,0.036185,0.00744
2991,0.001201,0.038312,0.008505
2992,0.006534999999999999,0.037232,0.007475
2993,0.004406,0.036183,0.005326
2994,0.001215,0.037263,0.004234
2995,0.002287,0.038325,0.00424
2996,0.001206,0.036194,0.005303
2997,-0.0009130000000000001,0.037275,0.003151
2998,-0.004118999999999999,0.037282,0.004196
2999,-0.003038,0.039413,0.003133
3000,-0.000918,0.037271,0.004219
3001,-0.0019760000000000003,0.037283,0.002075
3002,-0.0019760000000000003,0.038344,0.0031420000000000003
3003,-0.0019850000000000002,0.038336,0.005278
3004,0.000153,0.038332,0.004225
3005,-0.001961,0.039418,0.001004
3006,-0.0019760000000000003,0.038344,0.0031420000000000003
3007,-0.0009130000000000001,0.037275,0.003151
3008,-0.000918,0.035149,0.002085
3009,-0.0009279999999999999,0.03514,0.004221
3010,-0.001995,0.036205,0.005281
3011,-0.000918,0.038332,0.005286
3012,0.000149,0.037267,0.004226
3013,0.001215,0.037263,0.004234
3014,-0.000918,0.037271,0.004219
3015,-0.000923,0.036206,0.004220000000000001
3016,-0.00199,0.03727,0.005279
3017,-0.0019760000000000003,0.039405,0.004209
3018,-0.0041140000000000005,0.038347000000000006,0.004195
3019,-0.00198,0.036218,0.002076
3020,-0.001971,0.037287,0.001007
3021,0.000177,0.042598000000000004,0.003151
3022,-0.003047,0.041527,0.007403
3023,-0.004085,0.043677999999999995,0.00312
3024,0.00234,0.045799,-4.2e-05
3025,0.0033060000000000003,0.031913,0.008528
3026,0.00011999999999999999,0.03512,0.008502
3027,-0.003047,0.040466,0.006336
3028,-0.003023,0.044731,0.005263
3029,0.0012490000000000001,0.046842,0.006358
3030,0.0033729999999999997,0.043643,0.005309
3031,-0.001928,0.046875,0.000995
3032,-0.004061,0.046882,0.00098
3033,-0.001923,0.047939999999999997,0.000993
3034,-0.008329000000000001,0.045836,-0.000117
3035,-0.011515000000000001,0.047982,-0.00121
3036,-0.009376,0.04904,-0.0011970000000000001
3037,-0.008314,0.047971,-0.001188
3038,-0.007243,0.049033,-0.001182
3039,-0.006181,0.046903,-0.00224
3040,-0.006181,0.046903,-0.00224
3041,-0.004037,0.049026,-0.002227
3042,-0.00509,0.049042,-0.0054399999999999995
3043,-0.006157,0.049046,-0.005447
3044,-0.007248,0.045845,-0.003314
3045,-0.008314,0.044788,-0.004388
3046,-0.006181,0.045842,-0.003307
3047,-0.008334000000000001,0.04371,-0.001182
3048,-0.00619,0.046894,-0.000103
3049,-0.007252,0.049024,0.0009550000000000001
3050,-0.006181,0.049025,-0.000106
3051,-0.005109000000000001,0.047964,-0.002234
3052,-0.008305,0.04798,-0.003324
3053,-0.00829,0.051175,-0.0033280000000000002
3054,-0.0072239999999999995,0.050111,-0.004388
3055,-0.007228,0.050106,-0.003319
3056,-0.0083,0.049045,-0.003325
3057,-0.009372,0.046922000000000005,-0.004398
3058,-0.010434,0.049052,-0.0033399999999999997
3059,-0.009348,0.05331,-0.0033380000000000003
3060,-0.008232999999999999,0.058653,-0.008678
3061,-0.009352,0.050122,-0.005471
3062,-0.009396,0.044779,-0.001191
3063,-0.0072569999999999996,0.047958999999999995,0.000956
3064,-0.005152,0.043682,0.003113
3065,-0.0019370000000000001,0.047927,0.0041979999999999995
3066,-0.001952,0.043670999999999995,0.003135
3067,0.0012490000000000001,0.039415,-0.0011099999999999999
3068,0.0012439999999999999,0.03835,-0.001109
3069,0.002287,0.036203,0.002106
3070,0.000144,0.036202,0.004228
3071,0.000139,0.035137,0.004229
3072,-0.001995,0.035144,0.004214
3073,0.000134,0.036193,0.006364
3074,0.000125,0.036185,0.0085
3075,0.000125,0.035124,0.0074329999999999995
3076,0.0033299999999999996,0.036177999999999995,0.0074540000000000006
3077,0.003325,0.034052,0.006389
3078,0.002273,0.035129,0.0042439999999999995
3079,0.0011769999999999999,0.030862999999999998,0.006378
3080,0.004386999999999999,0.030861000000000003,0.004264
3081,0.004372999999999999,0.029787,0.006402
3082,0.0033060000000000003,0.029791,0.0063939999999999995
3083,0.0032869999999999996,0.028713,0.0096
3084,0.0032920000000000002,0.030839,0.010666
3085,0.002234,0.030851,0.008522
3086,0.003311,0.031917,0.00746
3087,0.0033060000000000003,0.031913,0.008528
3088,0.002254,0.031929,0.0053159999999999995
3089,0.001196,0.034063,0.005306
3090,0.001187,0.035116,0.008509000000000001
3091,0.00011999999999999999,0.03512,0.008502
3092,0.0033590000000000004,0.038326,0.003179
3093,0.0033200000000000005,0.031925,0.005323
3094,0.003282,0.025525,0.007468000000000001
3095,0.0043630000000000006,0.029778,0.008537999999999999
3096,0.004354,0.028709,0.009608
3097,0.006506999999999999,0.035084,0.011751000000000001
3098,0.006516,0.032971,0.007481
3099,0.007568999999999999,0.029771,0.007492
3100,0.0054399999999999995,0.029782999999999997,0.006409000000000001
3101,0.005435,0.029779000000000003,0.007476999999999999
3102,0.0032869999999999996,0.027652,0.008533
3103,0.000101,0.027676,0.005306
3104,0.001182,0.030868,0.0053100000000000005
3105,0.001182,0.03299,0.007444
3106,0.000125,0.033002,0.0053
3107,0.001191,0.032998,0.005307
3108,0.003325,0.03193,0.004255
3109,0.005454,0.032979,0.006405
3110,0.004392,0.032987,0.00533
3111,0.001206,0.036194,0.005303
3112,-0.003047,0.038344,0.004202
3113,-0.0041,0.039421,0.0020570000000000002
3114,-0.006224,0.040498,0.000973
3115,-0.005157,0.040494,0.00098
3116,0.00015800000000000002,0.038337,0.003157
3117,0.004406,0.037244,0.006392
3118,0.005478,0.037244,0.005332
3119,0.0044020000000000005,0.034057,0.00426
3120,0.000144,0.035141000000000006,0.0031609999999999997
3121,-0.0019760000000000003,0.037283,0.002075
3122,-0.0020039999999999997,0.035136,0.00635
3123,-0.0041329999999999995,0.035147000000000005,0.005267
3124,0.000173,0.042594,0.004220000000000001
3125,0.006497,0.030832,0.00962
3126,0.006468000000000001,0.026562,0.011762
3127,0.005425,0.027648000000000002,0.00748
3128,0.005445,0.030848,0.006408
3129,0.006520999999999999,0.032975,0.006412999999999999
3130,0.006516,0.03191,0.006414
3131,0.002263,0.035121,0.006379999999999999
3132,0.001187,0.034055,0.007442
3133,0.003296,0.030843000000000002,0.009597
3134,0.0032920000000000002,0.029778,0.009599
3135,9.1e-05,0.028727999999999997,0.00851
3136,0.00011999999999999999,0.034059,0.007435
3137,0.002268,0.037247,0.0074459999999999995
3138,0.002273,0.038312,0.007444
3139,-0.003057,0.037274,0.005272
3140,-0.000918,0.038332,0.005286
3141,0.0012109999999999998,0.037259,0.005302
3142,0.002287,0.037264,0.003173
3143,-0.0009130000000000001,0.038336,0.004217
3144,-0.0019850000000000002,0.037275,0.004211
3145,-0.004118999999999999,0.037282,0.004196
3146,-0.0019850000000000002,0.037275,0.004211
3147,-0.004104,0.038356,0.002059
3148,-0.004104,0.039417,0.003125
3149,0.00015800000000000002,0.040458999999999995,0.0052899999999999996
3150,-0.0008939999999999999,0.041536000000000003,0.003145
3151,-0.0008990000000000001,0.041532,0.004213000000000001
3152,-0.005157,0.042616,0.003114
3153,-0.003014,0.044739999999999995,0.0031260000000000003
3154,-0.0041140000000000005,0.039408,0.005261999999999999
3155,-0.008353,0.042631999999999996,0.002023
3156,-0.0029850000000000002,0.047948000000000005,-8.2e-05
3157,0.002287,0.037264,0.003173
3158,0.000125,0.035124,0.0074329999999999995
3159,-0.002009,0.031948000000000004,0.004218
3160,-0.004124,0.037278,0.005265
3161,0.00015800000000000002,0.040458999999999995,0.0052899999999999996
3162,0.0033640000000000002,0.03833,0.002111
3163,0.000168,0.037284,-4.7e-05
3164,-0.0009130000000000001,0.036213999999999996,0.002084
3165,0.00015800000000000002,0.038337,0.003157
3166,-0.003047,0.038344,0.004202
3167,-0.003047,0.037283,0.003136
3168,-0.004104,0.0426,0.006326
3169,-0.004079999999999999,0.045804000000000004,0.004186
3170,-0.0051329999999999995,0.047943,0.003107
3171,-0.006185,0.052203,0.004163
3172,-0.004071,0.053239999999999996,0.009517
3173,-0.003014,0.052167,0.010594
3174,-0.003009,0.05111,0.008459
3175,-0.0030280000000000003,0.045788,0.007398
3176,-0.003042,0.041531,0.006335
3177,-0.000923,0.039389,0.007421
3178,-0.003062,0.039392,0.008473999999999999
3179,-0.000918,0.040454000000000004,0.007418999999999999
3180,0.002278,0.038316,0.006376
3181,0.002278,0.038316,0.006376
3182,0.002278,0.038316,0.006376
3183,0.002268,0.036186,0.006379
3184,0.000144,0.036202,0.004228
3185,0.001225,0.038333,0.003164
3186,-0.0009130000000000001,0.039397,0.0052840000000000005
3187,-0.006267,0.035155,0.005252000000000001
3188,-0.007295,0.038376,-0.0001
3189,0.001235,0.038342,0.0010279999999999998
3190,0.001182,0.030868,0.0053100000000000005
3191,-0.000933,0.034075,0.004222999999999999
3192,0.000144,0.03408,0.002094
3193,0.001206,0.036194,0.005303
3194,0.006540000000000001,0.035114,0.004274
3195,0.0033399999999999997,0.034064,0.003184
3196,0.002263,0.030876999999999998,0.002113
3197,0.0075780000000000005,0.025536,0.001088
3198,0.0075780000000000005,0.02978,0.0053560000000000005
3199,-0.0052,0.033029,0.0031260000000000003
3200,-0.011576999999999999,0.033073000000000005,-0.0022600000000000003
3201,-0.006243,0.034115,-0.0011560000000000001
3202,0.002292,0.039389999999999994,0.0042380000000000004
3203,0.002278,0.038316,0.006376
3204,-0.006248,0.037294,0.003113
3205,-0.010496,0.035204,-0.0033229999999999996
3206,-0.005152,0.036255,-0.0043549999999999995
3207,-0.0008939999999999999,0.034109,-0.004323
3208,0.002316,0.036229000000000004,-0.004303
3209,0.0033729999999999997,0.036216000000000005,-0.002159
3210,0.000149,0.034083999999999996,0.001026
3211,0.001187,0.031932999999999996,0.005308
3212,0.003296,0.030843000000000002,0.009597
3213,0.006506999999999999,0.031901,0.00855
3214,0.005435,0.03084,0.008544
3215,0.001153,0.032964,0.013853
3216,9.6e-05,0.036159,0.014909
3217,0.002239,0.037221,0.013855000000000001
3218,0.0012109999999999998,0.041503,0.009569
3219,0.000149,0.039389,0.00636
3220,-0.00409,0.040491,0.0009880000000000002
3221,0.0045119999999999995,0.050069999999999996,-0.004306
3222,0.007673999999999999,0.044719,-0.001072
3223,0.00021099999999999998,0.048994,0.002075
3224,-0.00298,0.049013,-8.4e-05
3225,-0.004085,0.043677999999999995,0.00312
3226,-0.005176,0.041538,0.00632
3227,-0.008372,0.040493,0.004163
3228,-0.010453,0.045852,-0.002268
3229,-0.010434,0.045869,-0.006541
3230,-0.010439,0.043743000000000004,-0.007606999999999999
3231,-0.011481,0.046951,-0.009754
3232,-0.010405,0.049078,-0.00975
3233,-0.00829,0.04587,-0.008662000000000001
3234,-0.0072569999999999996,0.040532,-0.006512
3235,-0.008338,0.038401,-0.005449
3236,-0.008353,0.038388,-0.0022440000000000003
3237,-0.005176,0.036233,0.000986
3238,-0.006248,0.037294,0.003113
3239,-0.00409,0.042613,0.003121
3240,-0.0008990000000000001,0.03941,0.0020800000000000003
3241,0.001225,0.038333,0.003164
3242,0.005483,0.038310000000000004,0.00533
3243,0.006534999999999999,0.038293,0.008542000000000001
3244,0.004411,0.037248,0.005324000000000001
3245,0.000149,0.039389,0.00636
3246,-0.00198,0.043644999999999996,0.009544
3247,-0.0030280000000000003,0.046849,0.008465
3248,-0.0030329999999999997,0.045783,0.008466
3249,-0.00409,0.045795999999999996,0.0063219999999999995
3250,-0.0051329999999999995,0.046882,0.002041
3251,-0.0072569999999999996,0.046898,-0.00011100000000000001
3252,-0.008314,0.045849,-0.003321
3253,-0.005065999999999999,0.051185,-0.008647
3254,-0.004009,0.050112000000000004,-0.00757
3255,-0.005138,0.041572000000000005,-0.002226
3256,-0.007262,0.04371,-0.0022429999999999998
3257,-0.005171,0.039421,0.003118
3258,-0.001961,0.044723,0.006338
3259,0.001225,0.042577,0.007431999999999999
3260,-0.000923,0.037267,0.005287
3261,-0.000904,0.035162,-0.00112
3262,0.00122,0.034085000000000004,-3.5e-05
3263,-0.003066,0.0309,0.001007
3264,-0.0041140000000000005,0.034102999999999994,-7.2e-05
3265,-0.000904,0.038345,0.002081
3266,0.000153,0.039393,0.005292
3267,0.0033490000000000004,0.037256,0.004249
3268,0.0033399999999999997,0.036187000000000004,0.005318
3269,0.006516,0.034032,0.008548
3270,0.005445,0.03297,0.008542000000000001
3271,0.0011769999999999999,0.034046,0.009579
3272,-0.0009519999999999999,0.035119,0.009562000000000001
3273,-0.002009,0.035131,0.007418999999999999
3274,-0.003062,0.03727,0.00634
3275,-0.003042,0.037287,0.0020670000000000003
3276,-0.001956,0.038361,-0.001131
3277,-0.0008849999999999999,0.039423,-0.001125
3278,0.0012490000000000001,0.038354,-0.002177
3279,0.002292,0.035146,-2.8999999999999997e-05
3280,0.00015800000000000002,0.037276,0.00209
3281,-0.0019850000000000002,0.038336,0.005278
3282,-0.003076,0.037257,0.009545
3283,-0.00521,0.036204,0.008463
3284,-0.000904,0.040467,0.004215
3285,0.001182,0.030868,0.0053100000000000005
3286,0.0022440000000000003,0.030860000000000002,0.006385
3287,0.0033299999999999996,0.035117,0.0063880000000000004
3288,0.002268,0.036186,0.006379
3289,0.0044210000000000005,0.04044,0.0063880000000000004
3290,0.0033640000000000002,0.039391,0.0031780000000000003
3291,0.002292,0.036206999999999996,0.001038
3292,0.002287,0.037264,0.003173
3293,-0.000923,0.036206,0.004220000000000001
3294,-0.003076,0.035135,0.007411
3295,-0.004138,0.034082,0.005268999999999999
3296,-0.00199,0.03727,0.005279
3297,0.001215,0.038324000000000004,0.0053
3298,0.001215,0.036202,0.003167
3299,0.000153,0.03621,0.002091
3300,0.002278,0.035133,0.003176
3301,0.0033399999999999997,0.036187000000000004,0.005318
3302,0.000149,0.036206,0.003159
3303,-0.000918,0.03621,0.003152
3304,-0.000933,0.035136,0.0052899999999999996
3305,-0.0009369999999999999,0.034071,0.005291
3306,-0.000933,0.035136,0.0052899999999999996
3307,-0.000942,0.034067,0.006359
3308,0.000144,0.037263,0.005294
3309,0.001206,0.036194,0.005303
3310,0.0033439999999999998,0.03513,0.0031829999999999996
3311,0.002282,0.035138,0.002107
3312,-0.000909,0.037279,0.002082
3313,-0.000923,0.036206,0.004220000000000001
3314,-0.003042,0.037287,0.0020670000000000003
3315,0.000177,0.042598000000000004,0.003151
3316,0.004368,0.030844,0.008537000000000001
3317,0.001172,0.032981,0.00958
3318,0.0033009999999999997,0.030847000000000003,0.008529
3319,0.003311,0.034039,0.009594
3320,0.005454,0.035101,0.008539
3321,0.005464,0.03511,0.006403
3322,0.002282,0.035138,0.002107
3323,0.002273,0.035129,0.0042439999999999995
3324,0.003325,0.034052,0.006389
3325,-0.002014,0.033005,0.006353
3326,-0.0041329999999999995,0.034086,0.0042
3327,-0.0009130000000000001,0.038336,0.004217
3328,0.000153,0.038332,0.004225
3329,0.000149,0.037267,0.004226
3330,-0.000923,0.037267,0.005287
3331,0.0012109999999999998,0.036198,0.004235
3332,0.001201,0.035129,0.005304
3333,0.002273,0.035129,0.0042439999999999995
3334,0.0012109999999999998,0.036198,0.004235
3335,0.001206,0.035133,0.004236
3336,0.002258,0.034055,0.006381
3337,-0.000942,0.034067,0.006359
3338,0.001196,0.034063,0.005306
3339,0.000139,0.036198,0.005296
3340,0.001225,0.040455,0.005298
3341,0.000177,0.041537,0.002084
3342,-0.0030329999999999997,0.040478,0.0031320000000000002
3343,-0.003009,0.044744,0.002058
3344,0.000173,0.042594,0.004220000000000001
3345,-0.003052,0.0394,0.006338
3346,-0.005152,0.04156,0.0009789999999999998
3347,0.0033829999999999997,0.041530000000000004,0.001039
3348,0.0033009999999999997,0.031908,0.009595999999999999
3349,0.001187,0.035116,0.008509000000000001
3350,0.000134,0.036193,0.006364
3351,0.0012109999999999998,0.039381,0.007436
3352,0.005473,0.037239999999999995,0.0064
3353,0.004416,0.037252,0.004256
3354,0.001239,0.040468000000000004,0.002093
3355,0.002297,0.039395,0.00317
3356,-0.000904,0.039406000000000004,0.003148
3357,-0.0041140000000000005,0.038347000000000006,0.004195
3358,-0.006233,0.04049,0.003109
3359,-0.0030280000000000003,0.042605000000000004,0.004197
3360,-0.001966,0.041536000000000003,0.0042060000000000005
3361,-0.0019760000000000003,0.039405,0.004209
3362,-0.0030329999999999997,0.040478,0.0031320000000000002
3363,0.00016299999999999998,0.039402,0.0031550000000000003
3364,0.001235,0.040464,0.0031609999999999997
3365,0.000173,0.040472,0.0020859999999999997
3366,0.00015800000000000002,0.039398,0.004224
3367,-0.000918,0.038332,0.005286
3368,0.000149,0.037267,0.004226
3369,-0.00199,0.036209,0.004213000000000001
3370,-0.001995,0.036205,0.005281
3371,0.000144,0.037263,0.005294
3372,0.001206,0.036194,0.005303
3373,0.00122,0.038329,0.004232
3374,0.002292,0.038329,0.003172
3375,0.000153,0.037271,0.0031579999999999998
3376,-0.000904,0.038345,0.002081
3377,-0.0008939999999999999,0.039414,0.001011
3378,-0.0009130000000000001,0.038336,0.004217
3379,-0.004128,0.036213,0.005266
3380,0.0012490000000000001,0.041537,0.001024
3381,0.0033299999999999996,0.034056,0.005321
3382,0.000101,0.032981,0.010641
3383,0.001182,0.034051,0.00851
3384,0.000129,0.035128,0.006365
3385,0.0033350000000000003,0.037243,0.007453
3386,0.002278,0.037255,0.005309
3387,0.0012439999999999999,0.041533,0.002092
3388,-0.00088,0.044732,0.003141
3389,-0.002999,0.046874,0.002055
3390,-0.0051329999999999995,0.045821,0.000974
3391,-0.008343000000000001,0.044762,0.0020210000000000002
3392,-0.008334000000000001,0.045832,0.000951
3393,-0.008324,0.04584,-0.001185
3394,-0.007243,0.044788999999999995,-0.005449
3395,-0.009372,0.045861,-0.005465
3396,-0.010439,0.049048,-0.0022719999999999997
3397,-0.009362,0.049053,-0.0044009999999999995
3398,-0.005085,0.047985,-0.007575
3399,-0.006171,0.04585,-0.005443
3400,-0.004057,0.044765,-0.002222
3401,-0.003014,0.044739999999999995,0.0031260000000000003
3402,-0.0030280000000000003,0.041544,0.00313
3403,-0.0030329999999999997,0.038356,0.000998
3404,-0.0030329999999999997,0.039417,0.002065
3405,-0.005162,0.042612,0.004182
3406,-0.006209,0.044755,0.002036
3407,-0.005147,0.043686,0.002045
3408,-0.003009,0.042622,-7.6e-05
3409,-0.000875,0.042614,-6.1e-05
3410,0.000192,0.042611,-5.3e-05
3411,-0.0019370000000000001,0.042622,-0.0011359999999999999
3412,0.000177,0.039415,-4.9e-05
3413,-0.000904,0.040467,0.004215
3414,-0.004118999999999999,0.039404,0.00633
3415,-0.004071,0.046874,0.003116
3416,-0.00298,0.050074,0.000983
3417,-0.000923,0.037267,0.005287
3418,-0.0019760000000000003,0.041527,0.006342
3419,-0.001966,0.040475,0.003139
3420,-0.000875,0.044736,0.002073
3421,-0.001918,0.047944,-7.5e-05
3422,-0.00299,0.045822,-0.0011480000000000001
3423,-0.001918,0.046883,-0.001142
3424,-0.004065999999999999,0.044756,-8.6e-05
3425,-0.005143,0.044751,0.002043
3426,-0.008348000000000001,0.043697,0.002022
3427,-0.004071,0.044752,0.000982
3428,-0.006219,0.042624,0.002038
3429,-0.004076,0.044747,0.0020510000000000003
3430,-0.005162,0.041551,0.0031149999999999997
3431,-0.0030280000000000003,0.040483,0.0020629999999999997
3432,0.000168,0.038345,0.0010199999999999999
3433,0.00016299999999999998,0.038341,0.002088
3434,-0.003038,0.038352,0.002066
3435,-0.003038,0.038352,0.002066
3436,-0.003042,0.037287,0.0020670000000000003
3437,-0.000909,0.03834,0.003149
3438,-0.000923,0.036206,0.004220000000000001
3439,-0.002,0.03514,0.005282
3440,0.000134,0.035132,0.005297
3441,0.000149,0.037267,0.004226
3442,0.000149,0.036206,0.003159
3443,-0.000923,0.034083999999999996,0.0020859999999999997
3444,0.000139,0.037259,0.006363000000000001
3445,0.000153,0.039393,0.005292
3446,-0.0019850000000000002,0.039397,0.006345
3447,-0.003076,0.035135,0.007411
3448,0.000149,0.037267,0.004226
3449,0.003368,0.039395,0.002109
3450,0.000101,0.029798,0.00744
3451,0.00011999999999999999,0.03512,0.008502
3452,0.004382,0.032978,0.0074659999999999995
3453,0.00543,0.032958,0.011746
3454,0.006516,0.035093,0.009615
3455,0.005464,0.031927,0.0032020000000000004
3456,0.004416,0.034069,0.0010550000000000002
3457,0.0033350000000000003,0.03406,0.004253
3458,-0.000947,0.035123,0.008494
3459,-0.003071,0.035139,0.006343
3460,-0.0009279999999999999,0.036201,0.005288
3461,-0.003047,0.038344,0.004202
3462,0.000153,0.037271,0.0031579999999999998
3463,-0.000918,0.03621,0.003152
3464,0.000144,0.036202,0.004228
3465,0.004406,0.036183,0.005326
3466,0.001206,0.036194,0.005303
3467,0.000139,0.036198,0.005296
3468,-0.000923,0.037267,0.005287
3469,0.000129,0.034067,0.005298
3470,0.00011999999999999999,0.032998,0.006368
3471,0.0022489999999999997,0.031925,0.006384
3472,0.0033200000000000005,0.031925,0.005323
3473,0.002258,0.032994,0.005315
3474,0.0033299999999999996,0.034056,0.005321
3475,0.002258,0.034055,0.006381
3476,0.001182,0.034051,0.00851
3477,0.001191,0.034059,0.006374
3478,0.001191,0.032998,0.005307
3479,-0.004148,0.035135,0.008472
3480,0.000168,0.040467,0.003154
3481,0.004416,0.037252,0.004256
3482,0.0054210000000000005,0.028705,0.009615
3483,0.004368,0.029782999999999997,0.00747
3484,0.007568999999999999,0.028710000000000003,0.006425
3485,0.005445,0.03297,0.008542000000000001
3486,0.003325,0.034052,0.006389
3487,0.0012109999999999998,0.036198,0.004235
3488,0.001206,0.037255,0.006370000000000001
3489,0.0033350000000000003,0.036182,0.006386
3490,0.002254,0.03299,0.006383
3491,0.00011,0.030867000000000002,0.006371
3492,-0.002,0.03514,0.005282
3493,0.002268,0.035125,0.005312
3494,0.0033399999999999997,0.035125,0.004251
3495,0.000129,0.033006,0.004231
3496,-0.000933,0.035136,0.0052899999999999996
3497,0.002268,0.035125,0.005312
3498,0.0033200000000000005,0.032986,0.00639
3499,0.001191,0.034059,0.006374
3500,0.002273,0.037251,0.006377000000000001
3501,0.000125,0.034063,0.006367
3502,0.0022489999999999997,0.032986,0.007451
3503,0.0032920000000000002,0.029778,0.009599
3504,0.004354,0.028709,0.009608
3505,0.003296,0.030843000000000002,0.009597
3506,0.0033200000000000005,0.034047,0.007456999999999999
3507,0.000144,0.036202,0.004228
3508,-0.000909,0.03834,0.003149
3509,-0.005157,0.039432999999999996,-8.7e-05
3510,-0.001952,0.041549,0.001001
3511,-0.008372,0.038370999999999995,0.002029
3512,-0.004052,0.046891,-0.001157
3513,0.001273,0.043681,-0.002184
3514,0.001191,0.032998,0.005307
3515,-0.0009279999999999999,0.03514,0.004221
3516,-0.0009519999999999999,0.031936,0.006362
3517,0.00011499999999999999,0.036176,0.010637
3518,0.0033200000000000005,0.036169,0.009590999999999999
3519,0.002268,0.035125,0.005312
3520,0.001215,0.036202,0.003167
3521,0.0033439999999999998,0.036191,0.00425
3522,0.001215,0.038324000000000004,0.0053
3523,-0.003057,0.038335,0.006339
3524,-0.005167000000000001,0.039425,0.00205
3525,-0.00198,0.03834,0.00421
3526,-0.0019760000000000003,0.037283,0.002075
3527,-0.00198,0.036218,0.002076
3528,-0.004109000000000001,0.038352,0.003127
3529,-0.001966,0.038353,0.001005
3530,-0.000909,0.037279,0.002082
3531,-0.003023,0.040487,0.000995
3532,-0.003023,0.041548,0.002062
3533,-0.0009130000000000001,0.038336,0.004217
3534,0.00015800000000000002,0.037276,0.00209
3535,-0.0020039999999999997,0.033014,0.004217
3536,-0.000942,0.033006,0.005292
3537,0.002258,0.034055,0.006381
3538,0.002263,0.035121,0.006379999999999999
3539,0.002268,0.036186,0.006379
3540,0.002278,0.039376999999999995,0.007443000000000001
3541,0.001206,0.036194,0.005303
3542,0.000168,0.039406000000000004,0.0020870000000000003
3543,-0.000889,0.04048,0.00101
3544,-0.005176,0.039416,0.004186
3545,-0.0030039999999999997,0.044748,0.00099
3546,0.001263,0.045794,0.0020870000000000003
3547,0.001196,0.036185,0.00744
3548,-0.000933,0.036197,0.0063560000000000005
3549,0.001196,0.034063,0.005306
3550,0.002268,0.037247,0.0074459999999999995
3551,0.005473,0.037239999999999995,0.0064
3552,0.004406,0.037244,0.006392
3553,0.000153,0.038332,0.004225
3554,0.0033439999999999998,0.037252,0.0053170000000000005
3555,-0.000933,0.037258,0.007423000000000001
3556,-0.005181,0.03729,0.003121
3557,-0.005171,0.039421,0.003118
3558,-0.0008939999999999999,0.040475,0.002078
3559,-0.001952,0.041549,0.001001
3560,-0.001971,0.038348,0.002074
3561,-0.0030329999999999997,0.039417,0.002065
3562,0.000153,0.038332,0.004225
3563,0.001225,0.039394,0.004231
3564,-0.003042,0.038348,0.003134
3565,-0.001971,0.039409,0.00314
3566,-0.000918,0.038332,0.005286
3567,-0.00198,0.03834,0.00421
3568,-0.003042,0.039409,0.004201
3569,-0.0040950000000000005,0.040486,0.0020559999999999997
3570,-0.003023,0.042608999999999994,0.003129
3571,-0.002999,0.044752,-7.8e-05
3572,-0.002994,0.044757,-0.001146
3573,-0.006205,0.043698,-9.9e-05
3574,-0.005123,0.04689,-9.6e-05
3575,-0.004057,0.045826,-0.001155
3576,-0.0030039999999999997,0.044748,0.00099
3577,-0.005138,0.044755,0.000975
3578,-0.005143,0.044751,0.002043
3579,-0.00409,0.042613,0.003121
3580,-0.007276,0.044759,0.0020280000000000003
3581,-0.002956,0.052217999999999994,-0.002224
3582,0.000206,0.045806,-5.6999999999999996e-05
3583,-0.0030329999999999997,0.040478,0.0031320000000000002
3584,-0.004079999999999999,0.044743,0.0031190000000000002
3585,-0.001952,0.043670999999999995,0.003135
3586,-0.003009,0.046866000000000005,0.004192
3587,-0.000875,0.043675,0.001006
3588,-0.001913,0.046888,-0.00221
3589,-0.001918,0.046883,-0.001142
3590,-0.002994,0.046879000000000004,0.000987
3591,-0.0062,0.045824000000000004,0.0009660000000000001
3592,-0.010467,0.044778,-0.00013000000000000002
3593,-0.008319,0.046906,-0.001186
3594,-0.007248,0.049027999999999995,-0.000113
3595,-0.007262,0.046893000000000004,0.0009570000000000001
3596,-0.0072569999999999996,0.044775999999999996,-0.002245
3597,-0.005128,0.045825,-9.499999999999999e-05
3598,-0.004065999999999999,0.045817000000000004,0.000981
3599,-0.002999,0.044752,-7.8e-05
3600,-0.0019320000000000001,0.044749000000000004,-7.099999999999999e-05
3601,-0.001956,0.042605000000000004,0.003136
3602,-0.003038,0.039413,0.003133
3603,-0.005171,0.039421,0.003118
3604,-0.007281,0.043693,0.00203
3605,-0.008348000000000001,0.044758,0.003089
3606,-0.006195,0.045829,-0.000102
3607,-0.005123,0.04689,-9.6e-05
3608,-0.007248,0.047967,-0.00118
3609,-0.006171,0.049033,-0.002242
3610,-0.006166,0.049037,-0.003311
3611,-0.006171,0.047972,-0.0033090000000000003
3612,-0.007252,0.045841,-0.002246
3613,-0.005138,0.043694,-9.2e-05
3614,-0.007281,0.043693,0.00203
3615,-0.008319,0.049027999999999995,0.000947
3616,-0.006157,0.052229,-0.002246
3617,-0.007295,0.040498,0.002034
3618,-0.008348000000000001,0.045819,0.004156
3619,-0.005128,0.046886000000000004,0.0009720000000000001
3620,-0.0029850000000000002,0.049009,0.000985
3621,-0.00297,0.051144,-8.6e-05
3622,-0.0040420000000000005,0.049020999999999995,-0.001159
3623,-0.008305,0.04798,-0.003324
3624,-0.005099,0.047973,-0.004370000000000001
3625,-0.007248,0.049027999999999995,-0.000113
3626,-0.010443000000000001,0.047983,-0.002271
3627,-0.009362,0.050114,-0.003334
3628,-0.011496,0.050121,-0.0033490000000000004
3629,-0.006181,0.047964,-0.001173
3630,-0.0072569999999999996,0.045837,-0.001178
3631,-0.00619,0.047955000000000005,0.000964
3632,-0.007238,0.049037,-0.00225
3633,-0.006171,0.046911,-0.004376
3634,-0.005118999999999999,0.045834,-0.002231
3635,-0.005138,0.042633,-0.001159
3636,-0.00409,0.041552,0.002055
3637,-0.000904,0.039406000000000004,0.003148
3638,0.000153,0.038332,0.004225
3639,0.001201,0.034068,0.0042380000000000004
3640,0.002258,0.031932999999999996,0.004248
3641,-0.000947,0.030879000000000004,0.004227000000000001
3642,0.001182,0.029807,0.004243
3643,0.002239,0.027672000000000002,0.004253
3644,0.008616,0.027629,0.009639
3645,0.00433,0.026566000000000003,0.012815
3646,0.00543,0.031897,0.010679000000000001
3647,0.007564,0.027645,0.0064269999999999996
3648,0.009611,0.012707,0.010733
3649,0.014925999999999998,0.013732,0.01611
3650,0.017055,0.016904,0.020394
3651,0.014946000000000001,0.023298,0.021439
3652,0.013897999999999999,0.022258,0.016092
3653,0.012844999999999999,0.020153,0.010745999999999999
3654,0.007526000000000001,0.023367,0.010705
3655,0.005397,0.025501,0.011755
3656,0.007520999999999999,0.027607,0.016040000000000002
3657,0.008592,0.025485,0.012846000000000002
3658,0.0064730000000000005,0.024444999999999998,0.00856
3659,0.004335,0.023387,0.008546
3660,0.002234,0.029789999999999997,0.007455
3661,0.00011999999999999999,0.030876,0.004234
3662,-0.0009369999999999999,0.031949,0.003157
3663,0.002254,0.029807,0.003182
3664,0.005435,0.028718,0.006409999999999999
3665,0.0032920000000000002,0.027656,0.007465
3666,-0.000976,0.027670999999999998,0.007435
3667,-0.002014,0.033005,0.006353
3668,0.00011499999999999999,0.029810000000000003,0.004235
3669,0.003311,0.027673000000000003,0.003192
3670,0.002258,0.031932999999999996,0.004248
3671,0.001206,0.035133,0.004236
3672,0.000125,0.033002,0.0053
3673,0.002258,0.032994,0.005315
3674,0.001201,0.035129,0.005304
3675,0.001187,0.034055,0.007442
3676,-0.004148,0.034074,0.007405
3677,0.001225,0.039394,0.004231
3678,0.002282,0.038321,0.005308
3679,0.005416,0.028701,0.010683
3680,0.005416,0.028701,0.010683
3681,0.007534999999999999,0.025498,0.010702
3682,0.008616,0.028689999999999997,0.010706
3683,0.007559000000000001,0.030824,0.010695999999999999
3684,0.005449,0.032975,0.0074730000000000005
3685,0.002268,0.036186,0.006379
3686,0.001187,0.034055,0.007442
3687,0.002258,0.035116,0.007448000000000001
3688,0.002258,0.032994,0.005315
3689,0.001187,0.030872000000000004,0.004242
3690,0.001196,0.034063,0.005306
3691,0.001196,0.033002,0.004239
3692,0.001196,0.035124,0.006372999999999999
3693,0.000125,0.035124,0.0074329999999999995
3694,0.0022489999999999997,0.034047,0.008518000000000001
3695,0.0033200000000000005,0.035108,0.008524
3696,0.001196,0.035124,0.006372999999999999
3697,0.000149,0.037267,0.004226
3698,-0.00198,0.03834,0.00421
3699,-0.000909,0.039401,0.004215999999999999
3700,-0.0019760000000000003,0.037283,0.002075
3701,0.000144,0.035141000000000006,0.0031609999999999997
3702,0.000144,0.036202,0.004228
3703,0.0012109999999999998,0.037259,0.005302
3704,-0.0019850000000000002,0.037275,0.004211
3705,-0.0030329999999999997,0.038356,0.000998
3706,0.000173,0.041533,0.003153
3707,-0.004109000000000001,0.039413,0.004194
3708,-0.005147,0.043686,0.002045
3709,0.00233,0.044729000000000005,0.001027
3710,0.002258,0.035116,0.007448000000000001
3711,0.0033350000000000003,0.037243,0.007453
3712,0.001201,0.035129,0.005304
3713,0.002273,0.03619,0.005311
3714,0.0033350000000000003,0.037243,0.007453
3715,0.002278,0.038316,0.006376
3716,0.00015800000000000002,0.039398,0.004224
3717,0.002287,0.039386000000000004,0.005307
3718,0.000144,0.037263,0.005294
3719,-0.0019850000000000002,0.037275,0.004211
3720,-0.0041140000000000005,0.037286,0.003128
3721,-0.000909,0.039401,0.004215999999999999
3722,0.00123,0.040458999999999995,0.004229999999999999
3723,0.000153,0.038332,0.004225
3724,-0.003042,0.038348,0.003134
3725,-0.0009130000000000001,0.038336,0.004217
3726,-0.000909,0.039401,0.004215999999999999
3727,-0.000909,0.039401,0.004215999999999999
3728,-0.000909,0.03834,0.003149
3729,-0.000909,0.039401,0.004215999999999999
3730,-0.003052,0.038339,0.0052710000000000005
3731,-0.0009130000000000001,0.038336,0.004217
3732,-0.00199,0.036209,0.004213000000000001
3733,-0.0009279999999999999,0.036201,0.005288
3734,-0.000918,0.037271,0.004219
3735,0.001215,0.037263,0.004234
3736,0.001225,0.038333,0.003164
3737,0.00016299999999999998,0.039402,0.0031550000000000003
3738,-0.000909,0.037279,0.002082
3739,-0.001956,0.041544,0.00207
3740,-0.0019760000000000003,0.039405,0.004209
3741,-0.007315,0.03942,0.00524
3742,-0.0019370000000000001,0.043683,-7e-05
3743,0.0044210000000000005,0.038318,0.004255
3744,0.001187,0.035116,0.008509000000000001
3745,0.001196,0.036185,0.00744
3746,-0.000933,0.036197,0.0063560000000000005
3747,0.002278,0.038316,0.006376
3748,0.0033490000000000004,0.038317000000000004,0.005315
3749,0.002297,0.039395,0.00317
3750,0.00015800000000000002,0.038337,0.003157
3751,0.002287,0.038325,0.00424
3752,-0.000904,0.039406000000000004,0.003148
3753,-0.006233,0.038368,0.000976
3754,-0.0040950000000000005,0.039425,0.000989
3755,-0.0030329999999999997,0.040478,0.0031320000000000002
3756,-0.0008990000000000001,0.03941,0.0020800000000000003
3757,-0.003038,0.040474,0.0042
3758,-0.003052,0.038339,0.0052710000000000005
3759,-0.000909,0.037279,0.002082
3760,-0.0008939999999999999,0.040475,0.002078
3761,-0.001961,0.039418,0.001004
3762,-0.0009130000000000001,0.038336,0.004217
3763,-0.0019850000000000002,0.038336,0.005278
3764,-0.0019850000000000002,0.037275,0.004211
3765,-0.000918,0.037271,0.004219
3766,-0.0009130000000000001,0.038336,0.004217
3767,-0.0009130000000000001,0.038336,0.004217
3768,0.000153,0.038332,0.004225
3769,0.00016299999999999998,0.039402,0.0031550000000000003
3770,-0.000918,0.037271,0.004219
3771,-0.00198,0.03834,0.00421
3772,-0.00198,0.036218,0.002076
3773,-0.0019760000000000003,0.039405,0.004209
3774,-0.0009130000000000001,0.037275,0.003151
3775,-0.000918,0.03621,0.003152
3776,0.00016299999999999998,0.038341,0.002088
3777,0.000168,0.040467,0.003154
3778,-0.003052,0.0394,0.006338
3779,-0.0030280000000000003,0.041544,0.00313
3780,0.000206,0.045806,-5.6999999999999996e-05
3781,0.001206,0.036194,0.005303
3782,0.000125,0.035124,0.0074329999999999995
3783,0.001191,0.03512,0.007441
3784,0.001191,0.034059,0.006374
3785,0.005469,0.037236,0.007468000000000001
3786,0.004411,0.037248,0.005324000000000001
3787,0.002282,0.036199,0.0031739999999999997
3788,0.00123,0.040458999999999995,0.004229999999999999
3789,0.000149,0.038327999999999994,0.005293
3790,-0.004118999999999999,0.038343,0.005263
3791,-0.006233,0.039429,0.002042
3792,-0.004104,0.040478,0.004192
3793,0.000153,0.038332,0.004225
3794,-0.003038,0.03623,-6.8e-05
3795,-0.000909,0.03834,0.003149
3796,0.00016299999999999998,0.039402,0.0031550000000000003
3797,0.000153,0.038332,0.004225
3798,0.00016299999999999998,0.039402,0.0031550000000000003
3799,-0.000904,0.040467,0.004215
3800,-0.0019760000000000003,0.038344,0.0031420000000000003
3801,-0.0019850000000000002,0.037275,0.004211
3802,-0.003057,0.036213,0.0042049999999999995
3803,-0.00199,0.036209,0.004213000000000001
3804,0.000153,0.038332,0.004225
3805,-0.000904,0.039406000000000004,0.003148
3806,0.000153,0.038332,0.004225
3807,-0.000909,0.03834,0.003149
3808,0.000149,0.037267,0.004226
3809,0.000153,0.038332,0.004225
3810,-0.000909,0.03834,0.003149
3811,-0.00198,0.03834,0.00421
3812,-0.001995,0.036205,0.005281
3813,0.00015800000000000002,0.038337,0.003157
3814,0.000149,0.038327999999999994,0.005293
3815,-0.0009130000000000001,0.039397,0.0052840000000000005
3816,-0.003042,0.039409,0.004201
3817,0.00021099999999999998,0.045811000000000004,-0.001125
3818,0.00123,0.039398,0.003163
3819,-0.0009369999999999999,0.034071,0.005291
3820,-0.000923,0.036206,0.004220000000000001
3821,-0.000933,0.035136,0.0052899999999999996
3822,0.001215,0.037263,0.004234
3823,0.0012109999999999998,0.036198,0.004235
3824,-0.000909,0.037279,0.002082
3825,-0.003042,0.038348,0.003134
3826,0.00016299999999999998,0.040463,0.004222
3827,-0.004109000000000001,0.039413,0.004194
3828,-0.005157,0.039432999999999996,-8.7e-05
3829,-0.005167000000000001,0.039425,0.00205
3830,-0.003038,0.039413,0.003133
3831,-0.001971,0.038348,0.002074
3832,-0.004109000000000001,0.037291000000000005,0.00206
3833,-0.003042,0.038348,0.003134
3834,-0.0009130000000000001,0.038336,0.004217
3835,-0.001971,0.04047,0.004207
3836,-0.0030280000000000003,0.040483,0.0020629999999999997
3837,-0.0041,0.038360000000000005,0.00099
3838,-0.0030280000000000003,0.0373,-0.001137
3839,-0.000909,0.037279,0.002082
3840,-0.000923,0.037267,0.005287
3841,0.002273,0.03619,0.005311
3842,0.002268,0.036186,0.006379
3843,0.0033299999999999996,0.035117,0.0063880000000000004
3844,0.003325,0.036174,0.008523000000000001
3845,0.002258,0.036177,0.008515
3846,0.002273,0.038312,0.007444
3847,0.000149,0.038327999999999994,0.005293
3848,-0.0019760000000000003,0.040466,0.005275
3849,-0.004085,0.042617,0.002053
3850,-0.0019420000000000001,0.044739999999999995,0.002066
3851,-0.004079999999999999,0.044743,0.0031190000000000002
3852,-0.006209,0.044755,0.002036
3853,-0.004028,0.05221699999999999,-0.001163
3854,-0.0019420000000000001,0.043679,0.000999
3855,-0.004109000000000001,0.038352,0.003127
3856,-0.005162,0.041551,0.0031149999999999997
3857,-0.0040950000000000005,0.043669,0.005257
3858,-0.000889,0.044724,0.005278
3859,0.002306,0.043647000000000005,0.005301
3860,0.00018700000000000002,0.043667000000000004,0.002082
3861,-0.001947,0.042614,0.001
3862,0.000192,0.044732999999999995,0.0020800000000000003
3863,-0.005147,0.043686,0.002045
3864,-0.0062,0.043702,-0.001168
3865,-0.010462,0.045844,-0.000132
3866,-0.009391,0.047966,0.000941
3867,-0.007262,0.045832,-0.000109
3868,-0.00619,0.044772,-0.0022370000000000003
3869,-0.001928,0.044752999999999994,-0.001139
3870,-0.002999,0.044752,-7.8e-05
3871,-0.002994,0.045818,-8e-05
3872,-0.00619,0.045833,-0.00117
3873,-0.006195,0.044768,-0.001169
3874,-0.005143,0.04369,0.000976
3875,-0.006219,0.042624,0.002038
3876,-0.006209,0.043694,0.0009689999999999999
3877,-0.0062,0.045824000000000004,0.0009660000000000001
3878,-0.0062,0.044763,-0.000101
3879,-0.005128,0.046886000000000004,0.0009720000000000001
3880,-0.006181,0.047964,-0.001173
3881,-0.0051140000000000005,0.046899,-0.002232
3882,-0.004052,0.04583,-0.002223
3883,-0.006185,0.046898,-0.001172
3884,-0.007262,0.044771,-0.001176
3885,-0.005143,0.04369,0.000976
3886,-0.006214,0.042629,0.0009699999999999999
3887,-0.0008560000000000001,0.047936,0.001001
3888,-0.001956,0.040483,0.001003
3889,0.000129,0.033006,0.004231
3890,0.001206,0.036194,0.005303
3891,0.002268,0.036186,0.006379
3892,0.004406,0.038305,0.007459
3893,0.0044020000000000005,0.035118,0.005327
3894,0.0033200000000000005,0.031925,0.005323
3895,0.002254,0.031929,0.0053159999999999995
3896,0.002254,0.03299,0.006383
3897,-0.000947,0.031939999999999996,0.005294
3898,0.000134,0.035132,0.005297
3899,-0.00199,0.036209,0.004213000000000001
3900,0.000139,0.036198,0.005296
3901,0.000139,0.034076,0.0031620000000000003
3902,0.0012109999999999998,0.035137,0.003168
3903,0.002273,0.03619,0.005311
3904,0.002278,0.035133,0.003176
3905,0.000153,0.03621,0.002091
3906,-0.000923,0.036206,0.004220000000000001
3907,0.000134,0.033010000000000005,0.003163
3908,0.00011999999999999999,0.031937,0.005301
3909,-0.0009369999999999999,0.034071,0.005291
3910,-0.0009369999999999999,0.034071,0.005291
3911,-0.000933,0.035136,0.0052899999999999996
3912,0.001206,0.035133,0.004236
3913,0.001201,0.035129,0.005304
3914,0.0012109999999999998,0.035137,0.003168
3915,0.002282,0.036199,0.0031739999999999997
3916,-0.0009279999999999999,0.037262,0.0063549999999999995
3917,-0.004128,0.037274,0.006333
3918,0.0012439999999999999,0.041533,0.002092
3919,0.002258,0.032994,0.005315
3920,0.003296,0.029782,0.008531
3921,0.004372999999999999,0.030848,0.007469
3922,0.0043630000000000006,0.0319,0.010672
3923,0.0033159999999999995,0.036164999999999996,0.010659
3924,0.0033399999999999997,0.037248,0.006385
3925,0.002282,0.036199,0.0031739999999999997
3926,0.00122,0.037268,0.003165
3927,0.001201,0.035129,0.005304
3928,-0.0020039999999999997,0.035136,0.00635
3929,-0.003066,0.035144,0.005275
3930,-0.003047,0.037283,0.003136
3931,-0.000909,0.039401,0.004215999999999999
3932,-0.003042,0.037287,0.0020670000000000003
3933,0.00016299999999999998,0.038341,0.002088
3934,-0.000918,0.037271,0.004219
3935,0.00016299999999999998,0.039402,0.0031550000000000003
3936,-0.003038,0.039413,0.003133
3937,-0.001966,0.039414,0.002072
3938,-0.003038,0.038352,0.002066
3939,-0.003038,0.038352,0.002066
3940,-0.000909,0.036218,0.001015
3941,-0.000918,0.03621,0.003152
3942,0.0012109999999999998,0.037259,0.005302
3943,0.002268,0.036186,0.006379
3944,0.002268,0.034064,0.0042450000000000005
3945,-0.000918,0.03621,0.003152
3946,-0.000918,0.037271,0.004219
3947,-0.005181,0.03729,0.003121
3948,0.00018700000000000002,0.043667000000000004,0.002082
3949,0.005464,0.036170999999999995,0.007469
3950,0.003296,0.032964999999999994,0.011731
3951,0.004378,0.032974,0.008534
3952,0.005454,0.03404,0.0074719999999999995
3953,0.002268,0.036186,0.006379
3954,0.002282,0.039382,0.006375
3955,-0.001952,0.043670999999999995,0.003135
3956,-0.004071,0.044752,0.000982
3957,-0.004085,0.042617,0.002053
3958,0.000173,0.041533,0.003153
3959,-0.0030329999999999997,0.040478,0.0031320000000000002
3960,-0.00409,0.042613,0.003121
3961,0.001239,0.041529,0.00316
3962,0.000153,0.038332,0.004225
3963,-0.001995,0.035144,0.004214
3964,-0.000947,0.034062,0.007427
3965,0.003325,0.036174,0.008523000000000001
3966,0.0033439999999999998,0.039374,0.00745
3967,0.002292,0.039389999999999994,0.0042380000000000004
3968,0.000144,0.035141000000000006,0.0031609999999999997
3969,0.000134,0.034071,0.004229999999999999
3970,-0.0009279999999999999,0.03514,0.004221
3971,-0.003057,0.036213,0.0042049999999999995
3972,-0.003042,0.039409,0.004201
3973,-0.003042,0.038348,0.003134
3974,-0.003047,0.036222000000000004,0.002069
3975,-0.003023,0.040487,0.000995
3976,0.001239,0.041529,0.00316
3977,-0.005181,0.03729,0.003121
3978,-0.000866,0.043684,-0.0011300000000000001
3979,0.003378,0.038343,-0.001094
3980,0.0011769999999999999,0.029802,0.005311
3981,-0.0009570000000000001,0.031932,0.00743
3982,-0.002,0.036201,0.0063490000000000005
3983,0.001215,0.038324000000000004,0.0053
3984,0.0033640000000000002,0.042574,0.006378
3985,-0.004085,0.044739,0.004187
3986,-0.003023,0.040487,0.000995
3987,0.0033399999999999997,0.034064,0.003184
3988,0.005473,0.037239999999999995,0.0064
3989,-0.003052,0.037278,0.004204
3990,-0.0073,0.03731,-9.9e-05
3991,-0.003047,0.036222000000000004,0.002069
3992,0.002273,0.034068,0.003177
3993,0.002278,0.036194,0.004242
3994,-0.0020039999999999997,0.035136,0.00635
3995,-0.003076,0.036196,0.008478
3996,-0.000942,0.036189,0.008493
3997,0.000144,0.037263,0.005294
3998,0.0033399999999999997,0.034064,0.003184
3999,0.004386999999999999,0.031922000000000006,0.005331
4000,0.001172,0.028737000000000002,0.005312
4001,0.002234,0.027668,0.005321
4002,0.0033060000000000003,0.029791,0.0063939999999999995
4003,0.004382,0.032978,0.0074659999999999995
4004,0.001187,0.034055,0.007442
4005,0.001191,0.03512,0.007441
4006,-0.000909,0.039401,0.004215999999999999
4007,0.00015800000000000002,0.038337,0.003157
4008,-0.003052,0.037278,0.004204
4009,-0.0008990000000000001,0.03941,0.0020800000000000003
4010,0.004445,0.0394,-1.9e-05
4011,0.003311,0.030856,0.006393
4012,0.0022440000000000003,0.032982,0.008519
4013,0.0022440000000000003,0.031921,0.007451999999999999
4014,0.002234,0.031912,0.009589
4015,0.004378,0.034035,0.009601
4016,0.002273,0.038312,0.007444
4017,0.00123,0.040458999999999995,0.004229999999999999
4018,0.000139,0.037259,0.006363000000000001
4019,0.000149,0.038327999999999994,0.005293
4020,-0.004118999999999999,0.036220999999999996,0.003129
4021,-0.001966,0.038353,0.001005
4022,0.000153,0.037271,0.0031579999999999998
4023,0.000153,0.037271,0.0031579999999999998
4024,0.000153,0.037271,0.0031579999999999998
4025,-0.000933,0.036197,0.0063560000000000005
4026,0.000139,0.037259,0.006363000000000001
4027,0.000149,0.038327999999999994,0.005293
4028,-0.001971,0.04047,0.004207
4029,-0.0009130000000000001,0.039397,0.0052840000000000005
4030,-0.0019760000000000003,0.037283,0.002075
4031,0.000149,0.036206,0.003159
4032,0.000139,0.035137,0.004229
4033,-0.0009279999999999999,0.034079000000000005,0.0031550000000000003
4034,-0.000923,0.036206,0.004220000000000001
4035,0.000153,0.038332,0.004225
4036,-0.000909,0.03834,0.003149
4037,0.00015800000000000002,0.039398,0.004224
4038,-0.003042,0.038348,0.003134
4039,-0.0030280000000000003,0.040483,0.0020629999999999997
4040,-0.001971,0.039409,0.00314
4041,-0.004118999999999999,0.038343,0.005263
4042,-0.001952,0.039427,-0.001132
4043,0.0033880000000000004,0.041533999999999995,-2.9999999999999997e-05
4044,0.00011999999999999999,0.032998,0.006368
4045,-0.0009279999999999999,0.036201,0.005288
4046,0.001206,0.035133,0.004236
4047,0.001206,0.037255,0.006370000000000001
4048,0.0033490000000000004,0.039377999999999996,0.006382
4049,0.000168,0.039406000000000004,0.0020870000000000003
4050,-0.001947,0.042614,0.001
4051,-0.0008990000000000001,0.041532,0.004213000000000001
4052,-0.001961,0.04154,0.0031379999999999997
4053,-0.004071,0.044752,0.000982
4054,-0.005143,0.04369,0.000976
4055,-0.003014,0.043679,0.002059
4056,-0.0019420000000000001,0.043679,0.000999
4057,-0.004076,0.043686,0.000984
4058,-0.004071,0.04263,-0.001151
4059,0.000197,0.044737,0.0010119999999999999
4060,-0.00299,0.045822,-0.0011480000000000001
4061,-0.004052,0.046891,-0.001157
4062,-0.003009,0.043683,0.000991
4063,-0.001961,0.040479,0.002071
4064,-0.003042,0.038348,0.003134
4065,-0.00409,0.041552,0.002055
4066,-0.005167000000000001,0.040486,0.003117
4067,-0.005147,0.043686,0.002045
4068,-0.00409,0.042613,0.003121
4069,-0.005147,0.043686,0.002045
4070,-0.004071,0.044752,0.000982
4071,-0.004057,0.046887,-8.8e-05
4072,-0.008305,0.049041,-0.002257
4073,-0.008295,0.051171,-0.0022600000000000003
4074,-0.009367,0.05011,-0.0022660000000000002
4075,-0.009381,0.049036,-0.000128
4076,-0.009352,0.052244000000000006,-0.0033369999999999997
4077,-0.002937,0.055417999999999995,-0.003296
4078,-0.005138,0.043694,-9.2e-05
4079,-0.0062,0.046885,0.0020329999999999997
4080,-0.004071,0.045813,0.002049
4081,-0.00299,0.050066,0.00312
4082,-0.006166,0.053280999999999995,0.0009570000000000001
4083,-0.006157,0.052229,-0.002246
4084,-0.007214,0.052240999999999996,-0.00439
4085,-0.007228,0.051167000000000004,-0.0022530000000000002
4086,-0.00619,0.046894,-0.000103
4087,-0.008314,0.047971,-0.001188
4088,-0.009367,0.049049,-0.003333
4089,-0.011491,0.051186,-0.003351
4090,-0.00829,0.053297000000000004,-0.001194
4091,-0.010429,0.050117,-0.0033420000000000004
4092,-0.009362,0.050114,-0.003334
4093,-0.0083,0.051167000000000004,-0.001192
4094,-0.008295,0.05011,-0.003327
4095,-0.006166,0.050098000000000004,-0.0022440000000000003
4096,-0.008295,0.049049,-0.0043939999999999995
4097,-0.007262,0.044771,-0.001176
4098,-0.006195,0.04689,0.000965
4099,-0.007267,0.046889,0.002026
4100,-0.007267,0.045828,0.000959
4101,-0.004061,0.04476,-0.0011539999999999999
4102,-0.004065999999999999,0.043695,-0.001153
4103,-0.004071,0.043691,-8.4e-05
4104,-0.005123,0.045829,-0.001163
4105,-0.0072569999999999996,0.044775999999999996,-0.002245
4106,-0.004065999999999999,0.045817000000000004,0.000981
4107,-0.005147,0.042625,0.000978
4108,-0.0051329999999999995,0.043699,-0.00116
4109,-0.0051140000000000005,0.045838,-0.0032990000000000003
4110,-0.005176,0.037294,0.002052
4111,-0.0019760000000000003,0.039405,0.004209
4112,0.000149,0.038327999999999994,0.005293
4113,0.001215,0.038324000000000004,0.0053
4114,0.002282,0.038321,0.005308
4115,0.002268,0.031942,0.002111
4116,0.002268,0.02982,-2.2e-05
4117,0.0033159999999999995,0.029799000000000003,0.004258
4118,0.0033009999999999997,0.030847000000000003,0.008529
4119,-0.002019,0.031939999999999996,0.006354
4120,0.001201,0.03619,0.006371
4121,0.000134,0.034071,0.004229999999999999
4122,0.0033009999999999997,0.028725,0.006396
4123,0.007564,0.030827999999999998,0.009627
4124,0.005416,0.027639999999999998,0.009616
4125,0.004344,0.027638999999999997,0.010676999999999999
4126,0.006483,0.029758,0.011758
4127,0.0032869999999999996,0.027652,0.008533
4128,0.0032920000000000002,0.026595,0.006398
4129,0.0022199999999999998,0.026594,0.007459
4130,0.003296,0.02766,0.006397
4131,0.004359,0.027652,0.0074730000000000005
4132,0.008626,0.027637000000000002,0.007502
4133,0.007540000000000001,0.025502,0.009634
4134,0.006468000000000001,0.02444,0.009628
4135,0.001153,0.026598,0.007451999999999999
4136,0.0011769999999999999,0.030862999999999998,0.006378
4137,-0.0009660000000000001,0.030862,0.008499
4138,-0.002009,0.034069999999999996,0.006352
4139,0.005473,0.036179,0.005333
4140,0.0054009999999999996,0.024444,0.00962
4141,0.00433,0.024444,0.010681
4142,0.006468000000000001,0.02444,0.009628
4143,0.004359,0.029774000000000002,0.009606
4144,0.0022440000000000003,0.031921,0.007451999999999999
4145,0.0033200000000000005,0.031925,0.005323
4146,0.0033350000000000003,0.03406,0.004253
4147,0.002234,0.028729,0.0063880000000000004
4148,0.0054210000000000005,0.026583,0.007481
4149,0.004339,0.025513,0.009612
4150,0.0032869999999999996,0.026591000000000004,0.0074659999999999995
4151,0.002239,0.030855,0.0074540000000000006
4152,0.0022489999999999997,0.032986,0.007451
4153,0.00223,0.029786,0.008523000000000001
4154,0.003296,0.029782,0.008531
4155,0.004354,0.028709,0.009608
4156,0.0043630000000000006,0.029778,0.008537999999999999
4157,0.0033159999999999995,0.031921,0.006392
4158,0.002254,0.03299,0.006383
4159,0.002258,0.032994,0.005315
4160,0.0033159999999999995,0.030860000000000002,0.005325
4161,0.0033060000000000003,0.030851999999999997,0.007461
4162,0.0011769999999999999,0.031924,0.007445
4163,0.002254,0.035112,0.008517
4164,0.0022489999999999997,0.034047,0.008518000000000001
4165,0.001187,0.034055,0.007442
4166,-0.000918,0.03621,0.003152
4167,-0.000923,0.036206,0.004220000000000001
4168,-0.0020039999999999997,0.034075,0.0052829999999999995
4169,0.0033729999999999997,0.04046,0.0021079999999999996
4170,0.009712,0.031895,0.0075049999999999995
4171,0.005406,0.027631,0.011753
4172,0.005406,0.02657,0.010686
4173,0.004359,0.028713,0.008539
4174,0.005425,0.030831,0.010681
4175,0.005435,0.032962,0.010678
4176,0.005454,0.035101,0.008539
4177,0.002268,0.035125,0.005312
4178,0.002268,0.036186,0.006379
4179,0.001215,0.038324000000000004,0.0053
4180,0.000144,0.037263,0.005294
4181,-0.0041,0.039421,0.0020570000000000002
4182,0.000168,0.040467,0.003154
4183,0.002292,0.039389999999999994,0.0042380000000000004
4184,-0.00198,0.037279,0.003143
4185,-0.000923,0.037267,0.005287
4186,0.0012109999999999998,0.036198,0.004235
4187,0.002278,0.037255,0.005309
4188,0.002292,0.038329,0.003172
4189,0.000149,0.037267,0.004226
4190,0.002278,0.037255,0.005309
4191,-0.000933,0.036197,0.0063560000000000005
4192,0.000139,0.035137,0.004229
4193,0.000134,0.034071,0.004229999999999999
4194,0.0012109999999999998,0.036198,0.004235
4195,0.000144,0.036202,0.004228
4196,0.001215,0.037263,0.004234
4197,0.001235,0.040464,0.0031609999999999997
4198,0.00015800000000000002,0.039398,0.004224
4199,-0.004118999999999999,0.037282,0.004196
4200,-0.004085,0.041556,0.000986
4201,0.002321,0.041538,-3.7e-05
4202,0.0033060000000000003,0.030851999999999997,0.007461
4203,0.001191,0.036181,0.008508
4204,0.00011499999999999999,0.034054,0.008503
4205,0.000125,0.035124,0.0074329999999999995
4206,0.004392,0.035108999999999994,0.007462999999999999
4207,0.0033350000000000003,0.036182,0.006386
4208,0.000149,0.036206,0.003159
4209,0.000153,0.038332,0.004225
4210,0.000149,0.037267,0.004226
4211,-0.00198,0.03834,0.00421
4212,-0.004109000000000001,0.038352,0.003127
4213,-0.001971,0.04047,0.004207
4214,-0.0009130000000000001,0.038336,0.004217
4215,-0.000904,0.038345,0.002081
4216,-0.000909,0.037279,0.002082
4217,-0.00198,0.03834,0.00421
4218,0.00015800000000000002,0.038337,0.003157
4219,0.000168,0.040467,0.003154
4220,-0.000909,0.039401,0.004215999999999999
4221,-0.0019850000000000002,0.037275,0.004211
4222,0.000149,0.036206,0.003159
4223,-0.00199,0.036209,0.004213000000000001
4224,-0.0009279999999999999,0.03514,0.004221
4225,-0.0009130000000000001,0.038336,0.004217
4226,0.000149,0.037267,0.004226
4227,0.000149,0.037267,0.004226
4228,-0.0009130000000000001,0.037275,0.003151
4229,0.00016299999999999998,0.039402,0.0031550000000000003
4230,-0.0019760000000000003,0.037283,0.002075
4231,-0.001966,0.039414,0.002072
4232,-0.001961,0.040479,0.002071
4233,-0.0019850000000000002,0.039397,0.006345
4234,-0.004104,0.040478,0.004192
4235,0.001259,0.043668,0.001021
4236,0.002268,0.035125,0.005312
4237,-0.000942,0.035128,0.007426
4238,-0.000933,0.034075,0.004222999999999999
4239,0.002268,0.036186,0.006379
4240,0.0033350000000000003,0.037243,0.007453
4241,0.002278,0.037255,0.005309
4242,0.00123,0.038337,0.002096
4243,0.002292,0.039389999999999994,0.0042380000000000004
4244,-0.000923,0.037267,0.005287
4245,-0.0041140000000000005,0.037286,0.003128
4246,-0.005171,0.038360000000000005,0.0020510000000000003
4247,-0.001966,0.041536000000000003,0.0042060000000000005
4248,0.00122,0.038329,0.004232
4249,0.00016299999999999998,0.038341,0.002088
4250,-0.000909,0.03834,0.003149
4251,-0.000923,0.036206,0.004220000000000001
4252,0.000149,0.037267,0.004226
4253,0.000149,0.038327999999999994,0.005293
4254,-0.000909,0.03834,0.003149
4255,-0.000923,0.036206,0.004220000000000001
4256,-0.003057,0.036213,0.0042049999999999995
4257,-0.0019850000000000002,0.036213999999999996,0.003144
4258,-0.0019850000000000002,0.037275,0.004211
4259,-0.001971,0.038348,0.002074
4260,-0.0030280000000000003,0.040483,0.0020629999999999997
4261,-0.003023,0.041548,0.002062
4262,-0.005138,0.044755,0.000975
4263,-0.002999,0.044752,-7.8e-05
4264,-0.004071,0.044752,0.000982
4265,-0.006214,0.042629,0.0009699999999999999
4266,-0.005143,0.04369,0.000976
4267,-0.004057,0.045826,-0.001155
4268,-0.004071,0.044752,0.000982
4269,-0.008353,0.043693,0.00309
4270,-0.004033,0.050091000000000004,-0.002229
4271,0.0012779999999999998,0.045807,-0.001118
4272,-0.000904,0.039406000000000004,0.003148
4273,-0.003018,0.043674,0.003128
4274,-0.004085,0.043677999999999995,0.00312
4275,-0.001947,0.045797000000000004,0.004201
4276,0.001259,0.044729000000000005,0.002088
4277,-0.0019320000000000001,0.043688,-0.0011380000000000001
4278,-0.0029850000000000002,0.045826,-0.002216
4279,-0.0008699999999999999,0.043680000000000004,-6.2e-05
4280,-0.001956,0.041544,0.00207
4281,-0.006229,0.039432999999999996,0.000974
4282,-0.005157,0.039432999999999996,-8.7e-05
4283,-0.000889,0.041541,0.002077
4284,-0.000904,0.039406000000000004,0.003148
4285,-0.004085,0.042617,0.002053
4286,-0.003014,0.044739999999999995,0.0031260000000000003
4287,-0.003009,0.044744,0.002058
4288,-0.002999,0.044752,-7.8e-05
4289,-0.0072569999999999996,0.046898,-0.00011100000000000001
4290,-0.010453,0.045852,-0.002268
4291,-0.009372,0.046922000000000005,-0.004398
4292,-0.010434,0.045869,-0.006541
4293,-0.011501,0.046934,-0.005482
4294,-0.008305,0.045857999999999996,-0.005458
4295,-0.005123,0.043706999999999996,-0.003296
4296,-0.0030039999999999997,0.041565,-0.002211
4297,-0.0008990000000000001,0.037288,-5.4000000000000005e-05
4298,-0.0019850000000000002,0.035153,0.002078
4299,0.00011499999999999999,0.030871,0.005302
4300,0.002225,0.02766,0.007458
4301,0.0032869999999999996,0.028713,0.0096
4302,0.0032920000000000002,0.029778,0.009599
4303,-0.000976,0.030854000000000003,0.010636
4304,0.000134,0.034071,0.004229999999999999
4305,0.002302,0.038338,0.001035
4306,0.0022440000000000003,0.029799000000000003,0.005319
4307,0.001196,0.034063,0.005306
4308,0.0033200000000000005,0.032986,0.00639
4309,0.0033200000000000005,0.034047,0.007456999999999999
4310,0.002258,0.035116,0.007448000000000001
4311,0.0033399999999999997,0.034064,0.003184
4312,0.001196,0.031941000000000004,0.003172
4313,0.004372999999999999,0.031909,0.008535
4314,0.004354,0.030831,0.011741
4315,0.003296,0.031904,0.010664
4316,0.0033159999999999995,0.032982,0.007458
4317,0.001187,0.034055,0.007442
4318,0.001196,0.035124,0.006372999999999999
4319,0.001206,0.035133,0.004236
4320,0.000144,0.035141000000000006,0.0031609999999999997
4321,0.0012109999999999998,0.036198,0.004235
4322,0.001225,0.039394,0.004231
4323,0.00015800000000000002,0.040458999999999995,0.0052899999999999996
4324,0.000149,0.037267,0.004226
4325,0.000139,0.034076,0.0031620000000000003
4326,0.001206,0.035133,0.004236
4327,0.001191,0.034059,0.006374
4328,0.00011999999999999999,0.03512,0.008502
4329,0.001172,0.032981,0.00958
4330,0.001187,0.034055,0.007442
4331,0.001191,0.036181,0.008508
4332,0.001191,0.03512,0.007441
4333,0.0033350000000000003,0.035121,0.005319
4334,0.001215,0.037263,0.004234
4335,0.001196,0.036185,0.00744
4336,-0.0020039999999999997,0.036197,0.007417
4337,-0.0030280000000000003,0.042605000000000004,0.004197
4338,0.00018700000000000002,0.042606,0.001015
4339,0.0011769999999999999,0.031924,0.007445
4340,-0.000942,0.034067,0.006359
4341,0.000129,0.034067,0.005298
4342,0.001215,0.038324000000000004,0.0053
4343,0.000153,0.038332,0.004225
4344,-0.000909,0.03834,0.003149
4345,-0.001971,0.036226,-5.9999999999999995e-05
4346,0.0033439999999999998,0.033007999999999996,0.001049
4347,0.004368,0.031905,0.009604000000000001
4348,9.6e-05,0.034037,0.012776000000000001
4349,0.001201,0.038312,0.008505
4350,0.001201,0.033007,0.003171
4351,0.0043630000000000006,0.025534,0.0042710000000000005
4352,0.002225,0.02766,0.007458
4353,0.002239,0.032977,0.009587
4354,0.003325,0.034052,0.006389
4355,0.002292,0.037268,0.002105
4356,-0.001961,0.039418,0.001004
4357,-0.004085,0.040494999999999996,-8e-05
4358,-0.0041,0.040482,0.003124
4359,-0.003038,0.040474,0.0042
4360,-0.003042,0.038348,0.003134
4361,-0.00199,0.035148,0.003146
4362,0.000125,0.034063,0.006367
4363,0.001201,0.037251,0.007437999999999999
4364,0.001196,0.038307,0.009573
4365,0.0033350000000000003,0.036182,0.006386
4366,0.00122,0.037268,0.003165
4367,0.00123,0.038337,0.002096
4368,-0.0009130000000000001,0.039397,0.0052840000000000005
4369,-0.0030280000000000003,0.041544,0.00313
4370,0.00020099999999999998,0.045801999999999995,0.001011
4371,0.0033439999999999998,0.038313,0.006384
4372,-0.000947,0.035123,0.008494
4373,-0.0009279999999999999,0.037262,0.0063549999999999995
4374,-0.00199,0.03727,0.005279
4375,0.00122,0.039389999999999994,0.005299
4376,0.00122,0.036206999999999996,0.0020989999999999997
4377,-0.000904,0.037284,0.0010140000000000001
4378,-0.0008939999999999999,0.040475,0.002078
4379,0.001215,0.038324000000000004,0.0053
4380,-0.004109000000000001,0.037291000000000005,0.00206
4381,-0.005181,0.036229000000000004,0.002054
4382,-0.003038,0.039413,0.003133
4383,-0.000918,0.037271,0.004219
4384,-0.0009130000000000001,0.036213999999999996,0.002084
4385,-0.00198,0.037279,0.003143
4386,-0.000909,0.039401,0.004215999999999999
4387,0.000153,0.038332,0.004225
4388,0.000173,0.041533,0.003153
4389,-0.0008939999999999999,0.040475,0.002078
4390,-0.0019760000000000003,0.039405,0.004209
4391,0.000149,0.036206,0.003159
4392,-0.000923,0.036206,0.004220000000000001
4393,-0.002,0.03514,0.005282
4394,0.000149,0.037267,0.004226
4395,-0.0009130000000000001,0.038336,0.004217
4396,0.00016299999999999998,0.040463,0.004222
4397,-0.000909,0.039401,0.004215999999999999
4398,-0.001961,0.039418,0.001004
4399,0.000182,0.041541,0.001016
4400,-0.0030329999999999997,0.040478,0.0031320000000000002
4401,-0.004109000000000001,0.038352,0.003127
4402,0.000206,0.044745,-0.001124
4403,0.002278,0.036194,0.004242
4404,-0.003081,0.034069999999999996,0.007412
4405,-0.0009369999999999999,0.035132,0.006358
4406,0.001191,0.036181,0.008508
4407,0.002263,0.038304000000000005,0.009581000000000001
4408,0.004406,0.037244,0.006392
4409,0.00015800000000000002,0.038337,0.003157
4410,0.000168,0.040467,0.003154
4411,-0.0009130000000000001,0.038336,0.004217
4412,-0.006233,0.039429,0.002042
4413,-0.006214,0.041568,-9.7e-05
4414,-0.005138,0.044755,0.000975
4415,-0.004061,0.04476,-0.0011539999999999999
4416,-0.006185,0.046898,-0.001172
4417,-0.006185,0.046898,-0.001172
4418,-0.004076,0.045808999999999996,0.003117
4419,-0.004071,0.045813,0.002049
4420,-0.00619,0.047955000000000005,0.000964
4421,-0.008324,0.046901,-0.000118
4422,-0.0072569999999999996,0.046898,-0.00011100000000000001
4423,-0.0051329999999999995,0.04476,-9.300000000000001e-05
4424,-0.004061,0.04476,-0.0011539999999999999
4425,-0.005143,0.04369,0.000976
4426,-0.004057,0.046887,-8.8e-05
4427,-0.005109000000000001,0.047964,-0.002234
4428,-0.005104,0.049029,-0.002235
4429,-0.004037,0.047965,-0.0032939999999999996
4430,-0.006176,0.047968000000000004,-0.002241
4431,-0.007248,0.047967,-0.00118
4432,-0.008319,0.049027999999999995,0.000947
4433,-0.01152,0.047978,-0.00014199999999999998
4434,-0.007219,0.052237,-0.003322
4435,-0.005071,0.055425,-0.003311
4436,-0.006195,0.044768,-0.001169
4437,-0.004065999999999999,0.045817000000000004,0.000981
4438,0.000182,0.043663,0.00315
4439,-0.0019320000000000001,0.046870999999999996,0.0020629999999999997
4440,-0.002994,0.046879000000000004,0.000987
4441,-0.0051140000000000005,0.046899,-0.002232
4442,-0.0072569999999999996,0.045837,-0.001178
4443,-0.004057,0.046887,-8.8e-05
4444,-0.0062,0.046885,0.0020329999999999997
4445,-0.009396,0.04584,-0.000124
4446,-0.010453,0.046912999999999996,-0.001201
4447,-0.008314,0.047971,-0.001188
4448,-0.007248,0.049027999999999995,-0.000113
4449,-0.007252,0.046902,-0.001179
4450,-0.007233,0.049041,-0.0033179999999999998
4451,-0.005109000000000001,0.047964,-0.002234
4452,-0.006171,0.049033,-0.002242
4453,-0.009386,0.046909,-0.001194
4454,-0.0072569999999999996,0.045837,-0.001178
4455,-0.007248,0.047967,-0.00118
4456,-0.008324,0.04584,-0.001185
4457,-0.0062,0.044763,-0.000101
4458,-0.005118999999999999,0.046895,-0.001164
4459,-0.005123,0.045829,-0.001163
4460,-0.007252,0.046902,-0.001179
4461,-0.006185,0.046898,-0.001172
4462,-0.006195,0.044768,-0.001169
4463,-0.004065999999999999,0.044756,-8.6e-05
4464,-0.0072569999999999996,0.046898,-0.00011100000000000001
4465,-0.00509,0.052225,-0.002239
4466,-0.0051140000000000005,0.045838,-0.0032990000000000003
4467,-0.006233,0.04049,0.003109
4468,-0.005152,0.043682,0.003113
4469,-0.001952,0.043670999999999995,0.003135
4470,-0.000866,0.047928,0.003137
4471,-0.004061,0.045821,-8.7e-05
4472,-0.0051140000000000005,0.044777,-0.004366
4473,-0.0051140000000000005,0.045838,-0.0032990000000000003
4474,-0.004071,0.044752,0.000982
4475,-0.006205,0.042637,-0.001166
4476,-0.007271,0.043702,-0.00010700000000000001
4477,-0.008329000000000001,0.043713999999999996,-0.002251
4478,-0.004076,0.041564,-0.00115
4479,-0.0030329999999999997,0.038356,0.000998
4480,-0.0009130000000000001,0.037275,0.003151
4481,0.001215,0.036202,0.003167
4482,0.002278,0.036194,0.004242
4483,0.000153,0.038332,0.004225
4484,0.001201,0.034068,0.0042380000000000004
4485,0.002234,0.028729,0.0063880000000000004
4486,0.005416,0.027639999999999998,0.009616
4487,0.001153,0.026598,0.007451999999999999
4488,0.002234,0.028729,0.0063880000000000004
4489,0.006483,0.027636,0.009623999999999999
4490,0.005406,0.025509,0.009618999999999999
4491,0.0043490000000000004,0.026583,0.008542000000000001
4492,0.0032869999999999996,0.027652,0.008533
4493,0.0032920000000000002,0.028717000000000003,0.008532
4494,0.001191,0.031937,0.00424
4495,0.005488,0.038314,0.004262
4496,0.001134,0.024459,0.009590999999999999
4497,0.0032530000000000002,0.0255,0.013877
4498,0.009645,0.023347,0.013924
4499,0.009659000000000001,0.025481999999999998,0.012853
4500,0.008626,0.028698,0.008569
4501,0.007564,0.028706,0.007494
4502,0.003311,0.030856,0.006393
4503,0.0033159999999999995,0.031921,0.006392
4504,0.0032869999999999996,0.028713,0.0096
4505,0.00221,0.026586000000000002,0.009595000000000001
4506,0.002215,0.027651,0.009594
4507,0.000101,0.030858999999999998,0.008506999999999999
4508,0.0011769999999999999,0.031924,0.007445
4509,0.0022440000000000003,0.030860000000000002,0.006385
4510,0.0033060000000000003,0.030851999999999997,0.007461
4511,0.0043630000000000006,0.030839,0.009604999999999999
4512,0.0032920000000000002,0.028717000000000003,0.008532
4513,0.003296,0.028720999999999997,0.007464
4514,0.0032920000000000002,0.027656,0.007465
4515,0.0032869999999999996,0.027652,0.008533
4516,0.002225,0.02766,0.007458
4517,0.001158,0.029785000000000002,0.009584
4518,0.00223,0.029786,0.008523000000000001
4519,0.004359,0.028713,0.008539
4520,0.004372999999999999,0.030848,0.007469
4521,0.0033060000000000003,0.029791,0.0063939999999999995
4522,0.0043630000000000006,0.028717000000000003,0.007470999999999999
4523,0.001163,0.027668,0.006382
4524,0.002282,0.03726,0.004241
4525,0.004368,0.029782999999999997,0.00747
4526,0.002215,0.029773,0.011728
4527,0.005411,0.026575,0.009618000000000002
4528,0.007529999999999999,0.025493000000000002,0.011770000000000001
4529,0.0064540000000000005,0.025488999999999998,0.013899000000000002
4530,0.00755,0.028693,0.010698000000000001
4531,0.004378,0.030851999999999997,0.0064
4532,0.003325,0.032991,0.0053219999999999995
4533,0.0033009999999999997,0.029786,0.007462000000000001
4534,0.0032920000000000002,0.029778,0.009599
4535,0.0032770000000000004,0.027643,0.01067
4536,0.00223,0.028725,0.007456
4537,0.001187,0.032994,0.006375
4538,0.001196,0.035124,0.006372999999999999
4539,0.001201,0.034068,0.0042380000000000004
4540,0.002263,0.035121,0.006379999999999999
4541,0.001191,0.03512,0.007441
4542,0.002263,0.03406,0.005313
4543,0.002273,0.03619,0.005311
4544,0.0033299999999999996,0.034056,0.005321
4545,0.002254,0.031929,0.0053159999999999995
4546,0.0022440000000000003,0.030860000000000002,0.006385
4547,0.001172,0.030858999999999998,0.0074459999999999995
4548,0.002234,0.031912,0.009589
4549,0.0022440000000000003,0.031921,0.007451999999999999
4550,0.002258,0.034055,0.006381
4551,0.000144,0.037263,0.005294
4552,0.00123,0.039398,0.003163
4553,-0.004118999999999999,0.037282,0.004196
4554,-0.0030039999999999997,0.044748,0.00099
4555,0.002321,0.043660000000000004,0.002097
4556,-0.002009,0.035131,0.007418999999999999
4557,-0.004118999999999999,0.038343,0.005263
4558,-0.0019850000000000002,0.036213999999999996,0.003144
4559,0.001201,0.033007,0.003171
4560,0.005454,0.031918,0.005338
4561,0.009731,0.037217,0.008565999999999999
4562,0.010803,0.041461000000000005,0.011773
4563,0.010779,0.037196,0.012846000000000002
4564,0.008621,0.031876999999999996,0.012837999999999999
4565,0.004344,0.029761000000000003,0.012811000000000001
4566,-0.0020469999999999998,0.028731,0.009563
4567,0.002258,0.036177,0.008515
4568,0.002268,0.039369,0.009579
4569,-0.0008990000000000001,0.042593,0.00528
4570,-0.005143,0.044751,0.002043
4571,-0.009362,0.050114,-0.003334
4572,-0.006138,0.046941000000000004,-0.011853
4573,-0.004013,0.043742,-0.012903
4574,-0.004023,0.043733,-0.010766
4575,-0.005128,0.042642,-0.003295
4576,-0.006229,0.040494,0.002041
4577,-0.0051909999999999994,0.036220999999999996,0.00419
4578,-0.003081,0.031948000000000004,0.005279
4579,-0.0009519999999999999,0.032997000000000005,0.007429000000000001
4580,0.00011499999999999999,0.034054,0.008503
4581,0.00011999999999999999,0.03512,0.008502
4582,0.00015800000000000002,0.038337,0.003157
4583,0.0012439999999999999,0.039411,-4.2e-05
4584,-0.0008990000000000001,0.038349,0.001013
4585,-0.003018,0.040491,-7.3e-05
4586,-0.003009,0.043683,0.000991
4587,-0.005162,0.041551,0.0031149999999999997
4588,-0.005176,0.037294,0.002052
4589,0.00018700000000000002,0.041545,-5.2000000000000004e-05
4590,0.004386999999999999,0.032983,0.006398
4591,0.003311,0.0351,0.01066
4592,0.001172,0.032981,0.00958
4593,0.003311,0.034039,0.009594
4594,0.006516,0.035093,0.009615
4595,0.007587999999999999,0.035094,0.008554
4596,0.0033539999999999998,0.038321,0.004247
4597,0.004406,0.034061,0.003192
4598,0.002268,0.035125,0.005312
4599,0.000139,0.03832,0.007429000000000001
4600,-0.003062,0.038331,0.0074069999999999995
4601,-0.000909,0.041523000000000004,0.00635
4602,0.001225,0.039394,0.004231
4603,0.001225,0.037272,0.002097
4604,0.000153,0.039393,0.005292
4605,-0.000918,0.039393,0.006352
4606,-0.0009130000000000001,0.038336,0.004217
4607,-0.0009130000000000001,0.038336,0.004217
4608,-0.001971,0.039409,0.00314
4609,-0.0009130000000000001,0.038336,0.004217
4610,0.0012109999999999998,0.037259,0.005302
4611,-0.0009279999999999999,0.036201,0.005288
4612,-0.000918,0.038332,0.005286
4613,-0.000918,0.037271,0.004219
4614,0.000144,0.037263,0.005294
4615,0.001215,0.038324000000000004,0.0053
4616,0.000153,0.039393,0.005292
4617,-0.0009130000000000001,0.038336,0.004217
4618,-0.000918,0.037271,0.004219
4619,-0.003047,0.037283,0.003136
4620,0.00016299999999999998,0.03728,0.0010220000000000001
4621,-0.0008990000000000001,0.038349,0.001013
4622,-0.000904,0.038345,0.002081
4623,-0.001952,0.041549,0.001001
4624,-0.0019420000000000001,0.043679,0.000999
4625,-0.00409,0.041552,0.002055
4626,-0.010477,0.042648,-0.000128
4627,-0.005104,0.047968000000000004,-0.0033020000000000002
4628,-0.0008939999999999999,0.040475,0.002078
4629,-0.004109000000000001,0.040474,0.005261
4630,-0.004085,0.042617,0.002053
4631,-0.0019420000000000001,0.043679,0.000999
4632,-0.001952,0.043670999999999995,0.003135
4633,-0.0008699999999999999,0.043680000000000004,-6.2e-05
4634,-0.00299,0.045822,-0.0011480000000000001
4635,-0.002994,0.044757,-0.001146
4636,-0.0029850000000000002,0.046887,-0.001149
4637,-0.0051329999999999995,0.045821,0.000974
4638,-0.010467,0.044778,-0.00013000000000000002
4639,-0.009396,0.04584,-0.000124
4640,-0.0051329999999999995,0.045821,0.000974
4641,-0.0051329999999999995,0.04476,-9.300000000000001e-05
4642,-0.002994,0.044757,-0.001146
4643,-0.002999,0.044752,-7.8e-05
4644,-0.0019320000000000001,0.044749000000000004,-7.099999999999999e-05
4645,-0.002994,0.044757,-0.001146
4646,-0.00619,0.044772,-0.0022370000000000003
4647,-0.008334000000000001,0.044771,-0.00011599999999999999
4648,-0.005138,0.044755,0.000975
4649,-0.005152,0.042621,0.002046
4650,-0.00409,0.041552,0.002055
4651,-0.0008939999999999999,0.042597,0.004212
4652,0.000173,0.043655,0.005286
4653,-0.001961,0.042601,0.0042049999999999995
4654,-0.001956,0.040483,0.001003
4655,-0.001956,0.039422000000000006,-6.4e-05
4656,-0.0008939999999999999,0.039414,0.001011
4657,-0.001966,0.041536000000000003,0.0042060000000000005
4658,-0.004076,0.04687,0.004184
4659,-0.004061,0.047943,0.0020469999999999998
4660,-0.004079999999999999,0.042621,0.000985
4661,-0.005143,0.041568,-0.001157
4662,-0.004085,0.041556,0.000986
4663,-0.005157,0.042616,0.003114
4664,-0.004079999999999999,0.043682,0.002052
4665,0.001263,0.045794,0.0020870000000000003
4666,0.0012109999999999998,0.035137,0.003168
4667,-0.002019,0.033001,0.007421
4668,-0.000942,0.035128,0.007426
4669,0.002273,0.037251,0.006377000000000001
4670,0.002273,0.037251,0.006377000000000001
4671,0.002282,0.036199,0.0031739999999999997
4672,0.000144,0.036202,0.004228
4673,0.00122,0.039389999999999994,0.005299
4674,-0.000909,0.040462,0.0052829999999999995
4675,-0.003042,0.038348,0.003134
4676,-0.005176,0.035172,-8.1e-05
4677,-0.003042,0.036226,0.001001
4678,-0.0019850000000000002,0.035153,0.002078
4679,-0.0009130000000000001,0.038336,0.004217
4680,-0.003057,0.036213,0.0042049999999999995
4681,0.000129,0.034067,0.005298
4682,0.001191,0.034059,0.006374
4683,0.0012109999999999998,0.037259,0.005302
4684,-0.0009279999999999999,0.03514,0.004221
4685,0.001206,0.035133,0.004236
4686,0.002263,0.03406,0.005313
4687,-0.0020039999999999997,0.034075,0.0052829999999999995
4688,-0.0009369999999999999,0.034071,0.005291
4689,0.001191,0.034059,0.006374
4690,0.004386999999999999,0.035105000000000004,0.008531
4691,0.0033299999999999996,0.035117,0.0063880000000000004
4692,0.003325,0.034052,0.006389
4693,0.001187,0.032994,0.006375
4694,0.000125,0.034063,0.006367
4695,0.001201,0.03619,0.006371
4696,0.000144,0.037263,0.005294
4697,-0.000923,0.038327999999999994,0.006354
4698,-0.003062,0.03727,0.00634
4699,-0.0008990000000000001,0.040471,0.003147
4700,0.00018700000000000002,0.042606,0.001015
4701,0.000125,0.034063,0.006367
4702,0.000139,0.036198,0.005296
4703,0.001201,0.035129,0.005304
4704,0.001191,0.036181,0.008508
4705,0.002287,0.037264,0.003173
4706,0.004406,0.034061,0.003192
4707,0.00015800000000000002,0.036215,0.001023
4708,0.000149,0.037267,0.004226
4709,-0.000923,0.035144999999999996,0.003153
4710,-0.000933,0.034075,0.004222999999999999
4711,-0.003052,0.036217,0.003137
4712,-0.003042,0.039409,0.004201
4713,-0.0009130000000000001,0.038336,0.004217
4714,-0.0019850000000000002,0.036213999999999996,0.003144
4715,-0.001995,0.035144,0.004214
4716,0.000139,0.034076,0.0031620000000000003
4717,0.004406,0.035122,0.004259000000000001
4718,0.001201,0.03619,0.006371
4719,0.001206,0.036194,0.005303
4720,0.001201,0.034068,0.0042380000000000004
4721,0.001191,0.034059,0.006374
4722,-0.0009369999999999999,0.034071,0.005291
4723,-0.0020039999999999997,0.035136,0.00635
4724,0.000139,0.036198,0.005296
4725,0.000149,0.036206,0.003159
4726,-0.000923,0.036206,0.004220000000000001
4727,-0.000909,0.03834,0.003149
4728,0.00015800000000000002,0.037276,0.00209
4729,-0.000909,0.037279,0.002082
4730,-0.001971,0.038348,0.002074
4731,-0.0009130000000000001,0.037275,0.003151
4732,-0.004128,0.036213,0.005266
4733,-0.0008990000000000001,0.03941,0.0020800000000000003
4734,0.002302,0.04046,0.003169
4735,0.002234,0.031912,0.009589
4736,0.000105,0.031924,0.008506
4737,0.0033009999999999997,0.029786,0.007462000000000001
4738,0.005449,0.032975,0.0074730000000000005
4739,0.006520999999999999,0.035097,0.008546
4740,0.005459,0.034044,0.006404000000000001
4741,0.002263,0.032999,0.004246
4742,0.002268,0.034064,0.0042450000000000005
4743,0.001206,0.036194,0.005303
4744,-0.002009,0.035131,0.007418999999999999
4745,-0.0041329999999999995,0.035147000000000005,0.005267
4746,-0.000909,0.03834,0.003149
4747,0.000149,0.037267,0.004226
4748,-0.000918,0.03621,0.003152
4749,-0.0009130000000000001,0.037275,0.003151
4750,0.0012109999999999998,0.037259,0.005302
4751,0.002273,0.035129,0.0042439999999999995
4752,0.000144,0.036202,0.004228
4753,0.0012109999999999998,0.035137,0.003168
4754,0.000149,0.037267,0.004226
4755,-0.000933,0.035136,0.0052899999999999996
4756,-0.003062,0.035148,0.0042060000000000005
4757,-0.0009279999999999999,0.036201,0.005288
4758,-0.000933,0.035136,0.0052899999999999996
4759,0.0012109999999999998,0.036198,0.004235
4760,0.000144,0.036202,0.004228
4761,-0.0009130000000000001,0.038336,0.004217
4762,0.00015800000000000002,0.038337,0.003157
4763,-0.0009130000000000001,0.038336,0.004217
4764,0.000173,0.039411,0.001019
4765,-0.00198,0.03834,0.00421
4766,-0.003052,0.038339,0.0052710000000000005
4767,-0.0008939999999999999,0.041536000000000003,0.003145
4768,0.0012439999999999999,0.041533,0.002092
4769,0.0033200000000000005,0.035108,0.008524
4770,0.002258,0.034055,0.006381
4771,0.002258,0.032994,0.005315
4772,0.002273,0.037251,0.006377000000000001
4773,0.005478,0.038305,0.006399
4774,0.001225,0.038333,0.003164
4775,0.00016299999999999998,0.038341,0.002088
4776,0.001225,0.039394,0.004231
4777,0.000149,0.038327999999999994,0.005293
4778,-0.004124,0.037278,0.005265
4779,-0.003042,0.037287,0.0020670000000000003
4780,-0.000909,0.039401,0.004215999999999999
4781,-0.00198,0.03834,0.00421
4782,-0.00198,0.037279,0.003143
4783,-0.0019760000000000003,0.038344,0.0031420000000000003
4784,-0.000909,0.03834,0.003149
4785,0.000153,0.037271,0.0031579999999999998
4786,-0.000904,0.039406000000000004,0.003148
4787,-0.000909,0.039401,0.004215999999999999
4788,-0.003047,0.036222000000000004,0.002069
4789,-0.000923,0.037267,0.005287
4790,-0.0019850000000000002,0.037275,0.004211
4791,-0.000923,0.037267,0.005287
4792,-0.0009279999999999999,0.037262,0.0063549999999999995
4793,-0.000918,0.03621,0.003152
4794,-0.0009130000000000001,0.038336,0.004217
4795,-0.000909,0.039401,0.004215999999999999
4796,0.00015800000000000002,0.038337,0.003157
4797,-0.000904,0.038345,0.002081
4798,-0.001966,0.039414,0.002072
4799,-0.001966,0.040475,0.003139
4800,-0.003047,0.039405,0.005268999999999999
4801,-0.005186,0.037286,0.004189
4802,-0.0008699999999999999,0.043680000000000004,-6.2e-05
4803,0.0033439999999999998,0.036191,0.00425
4804,0.003311,0.032978,0.008527
4805,0.001206,0.036194,0.005303
4806,0.000149,0.038327999999999994,0.005293
4807,0.00123,0.042581,0.006363000000000001
4808,0.000182,0.043663,0.00315
4809,-0.0019320000000000001,0.044749000000000004,-7.099999999999999e-05
4810,-0.0019320000000000001,0.045810000000000003,0.0009960000000000001
4811,-0.0019320000000000001,0.046870999999999996,0.0020629999999999997
4812,-0.005138,0.045816,0.002042
4813,-0.008329000000000001,0.044775,-0.001184
4814,-0.008324,0.04584,-0.001185
4815,-0.007252,0.046902,-0.001179
4816,-0.006171,0.049033,-0.002242
4817,-0.007243,0.046911,-0.003315
4818,-0.0051140000000000005,0.04796,-0.001165
4819,-0.001928,0.045814,-7.2e-05
4820,-0.004065999999999999,0.044756,-8.6e-05
4821,-0.006185,0.046898,-0.001172
4822,-0.0072569999999999996,0.045837,-0.001178
4823,-0.007262,0.045832,-0.000109
4824,-0.0072569999999999996,0.046898,-0.00011100000000000001
4825,-0.00619,0.044772,-0.0022370000000000003
4826,-0.005123,0.04689,-9.6e-05
4827,-0.006185,0.047958999999999995,-0.000105
4828,-0.002994,0.045818,-8e-05
4829,-0.004057,0.045826,-0.001155
4830,-0.003009,0.042622,-7.6e-05
4831,0.000173,0.039411,0.001019
4832,-0.000918,0.03621,0.003152
4833,-0.0041,0.040482,0.003124
4834,-0.005162,0.04049,0.002049
4835,-0.006243,0.037298000000000005,0.002045
4836,-0.00088,0.04261,0.001007
4837,-0.0019079999999999998,0.052197,0.0020559999999999997
4838,-0.005157,0.045799,0.006314999999999999
4839,-0.009386,0.050092000000000005,0.002007
4840,-0.008295,0.051171,-0.0022600000000000003
4841,-0.012548,0.050138,-0.006561
4842,-0.011462,0.053334000000000006,-0.007626000000000001
4843,-0.014648,0.055479999999999995,-0.008719
4844,-0.014639,0.05655,-0.009789
4845,-0.012491,0.058677,-0.010845
4846,-0.010381,0.054403999999999994,-0.009756
4847,-0.012543,0.050142,-0.007629
4848,-0.013586,0.054411,-0.008709999999999999
4849,-0.015711000000000003,0.055488,-0.009795
4850,-0.013596,0.052280999999999994,-0.008708
4851,-0.011496,0.04906,-0.004416
4852,-0.009381,0.050097,0.000938
4853,-0.007252,0.053267999999999996,0.005222
4854,-0.006157,0.056473,0.0020210000000000002
4855,-0.011481,0.053316999999999996,-0.003353
4856,-0.008265999999999999,0.051197,-0.008669
4857,-0.004004,0.049055,-0.009705
4858,-0.006157,0.047985,-0.006514
4859,-0.008281,0.051184,-0.005465
4860,-0.011496,0.051182,-0.002282
4861,-0.007248,0.047967,-0.00118
4862,-0.0019370000000000001,0.043683,-7e-05
4863,-0.0030329999999999997,0.038356,0.000998
4864,-0.0019760000000000003,0.038344,0.0031420000000000003
4865,0.000149,0.038327999999999994,0.005293
4866,0.003325,0.037235000000000004,0.009590000000000001
4867,0.001191,0.034059,0.006374
4868,0.005473,0.035118,0.004266
4869,0.002239,0.030855,0.0074540000000000006
4870,0.004325,0.026561,0.013883000000000001
4871,0.0043490000000000004,0.031888,0.013876
4872,0.008607,0.02762,0.011775
4873,0.011812000000000001,0.028674,0.011796
4874,0.010740999999999999,0.027613,0.01179
4875,0.008612,0.026563,0.009640000000000001
4876,0.006483,0.027636,0.009623999999999999
4877,0.005416,0.027639999999999998,0.009616
4878,8.6e-05,0.029785000000000002,0.010645
4879,-0.004157,0.031943,0.007408
4880,0.001191,0.032998,0.005307
4881,-0.000942,0.031945,0.004225
4882,0.003311,0.030856,0.006393
4883,0.003311,0.029795,0.005326
4884,0.004372999999999999,0.030848,0.007469
4885,0.002254,0.034051,0.00745
4886,-0.0009369999999999999,0.034071,0.005291
4887,-0.0009369999999999999,0.033010000000000005,0.004224
4888,-0.000942,0.031945,0.004225
4889,0.000129,0.033006,0.004231
4890,0.000125,0.033002,0.0053
4891,-0.0009519999999999999,0.031936,0.006362
4892,0.000134,0.034071,0.004229999999999999
4893,0.0012109999999999998,0.036198,0.004235
4894,0.000144,0.035141000000000006,0.0031609999999999997
4895,-0.000918,0.035149,0.002085
4896,-0.000923,0.035144999999999996,0.003153
4897,-0.002019,0.031939999999999996,0.006354
4898,-0.0009519999999999999,0.030875,0.005295
4899,0.004416,0.037252,0.004256
4900,0.004354,0.028709,0.009608
4901,0.005406,0.02657,0.010686
4902,0.007520999999999999,0.023363,0.011773
4903,0.008597,0.025490000000000002,0.011778
4904,0.008616,0.029751,0.011773
4905,0.008631,0.029763,0.008568000000000001
4906,0.005435,0.028718,0.006409999999999999
4907,0.003311,0.029795,0.005326
4908,0.002239,0.030855,0.0074540000000000006
4909,0.002234,0.030851,0.008522
4910,-0.0009609999999999999,0.029806,0.006364
4911,-0.000918,0.03621,0.003152
4912,-0.003042,0.037287,0.0020670000000000003
4913,-0.0019760000000000003,0.038344,0.0031420000000000003
4914,-0.0019760000000000003,0.037283,0.002075
4915,0.0012109999999999998,0.036198,0.004235
4916,0.001196,0.034063,0.005306
4917,0.001201,0.034068,0.0042380000000000004
4918,0.0033299999999999996,0.034056,0.005321
4919,0.0033200000000000005,0.031925,0.005323
4920,0.0033009999999999997,0.028725,0.006396
4921,0.004354,0.028709,0.009608
4922,0.004339,0.026574,0.010678
4923,0.0043490000000000004,0.029766,0.011743
4924,0.005425,0.030831,0.010681
4925,0.005435,0.03084,0.008544
4926,0.00011999999999999999,0.032998,0.006368
4927,0.0033350000000000003,0.035121,0.005319
4928,-0.002009,0.034069999999999996,0.006352
4929,-0.00198,0.037279,0.003143
4930,0.0033729999999999997,0.039399,0.001041
4931,0.003311,0.031917,0.00746
4932,0.003311,0.031917,0.00746
4933,0.0043490000000000004,0.026583,0.008542000000000001
4934,0.004359,0.030835,0.010673
4935,0.0054399999999999995,0.032966,0.009609999999999999
4936,0.005445,0.034031,0.009608
4937,0.002258,0.034055,0.006381
4938,0.0033159999999999995,0.031921,0.006392
4939,0.002258,0.032994,0.005315
4940,0.001182,0.031929,0.006377000000000001
4941,-0.002014,0.031944,0.005286
4942,-0.000923,0.037267,0.005287
4943,-0.0009130000000000001,0.038336,0.004217
4944,-0.000918,0.03621,0.003152
4945,0.000139,0.035137,0.004229
4946,0.000139,0.036198,0.005296
4947,0.001196,0.034063,0.005306
4948,0.000139,0.034076,0.0031620000000000003
4949,0.001215,0.036202,0.003167
4950,-0.0009279999999999999,0.03514,0.004221
4951,-0.000933,0.035136,0.0052899999999999996
4952,-0.000933,0.035136,0.0052899999999999996
4953,0.00011999999999999999,0.032998,0.006368
4954,0.002254,0.03299,0.006383
4955,0.002263,0.03406,0.005313
4956,0.000139,0.036198,0.005296
4957,0.001215,0.037263,0.004234
4958,0.001206,0.034072000000000005,0.003169
4959,0.0012109999999999998,0.036198,0.004235
4960,0.00122,0.038329,0.004232
4961,-0.003057,0.037274,0.005272
4962,-0.001971,0.039409,0.00314
4963,0.0033880000000000004,0.042595,0.001037
4964,0.005445,0.03297,0.008542000000000001
4965,0.0022440000000000003,0.034043000000000004,0.009586
4966,0.004378,0.031913,0.0074670000000000005
4967,0.0033200000000000005,0.034047,0.007456999999999999
4968,0.0033299999999999996,0.035117,0.0063880000000000004
4969,0.004392,0.034048,0.006396
4970,0.002278,0.037255,0.005309
4971,0.002278,0.037255,0.005309
4972,-0.000909,0.040462,0.0052829999999999995
4973,0.000153,0.039393,0.005292
4974,-0.003047,0.037283,0.003136
4975,-0.003047,0.038344,0.004202
4976,0.00015800000000000002,0.039398,0.004224
4977,-0.001966,0.040475,0.003139
4978,0.00123,0.038337,0.002096
4979,-0.0019850000000000002,0.037275,0.004211
4980,-0.000923,0.036206,0.004220000000000001
4981,-0.00198,0.037279,0.003143
4982,-0.000909,0.039401,0.004215999999999999
4983,-0.0009130000000000001,0.038336,0.004217
4984,0.000149,0.036206,0.003159
4985,-0.000923,0.036206,0.004220000000000001
4986,-0.003057,0.037274,0.005272
4987,-0.0019850000000000002,0.037275,0.004211
4988,0.00015800000000000002,0.039398,0.004224
4989,0.00122,0.037268,0.003165
4990,-0.000923,0.037267,0.005287
4991,-0.000918,0.038332,0.005286
4992,-0.000918,0.03621,0.003152
4993,-0.000904,0.038345,0.002081
4994,0.00016299999999999998,0.038341,0.002088
4995,0.000149,0.038327999999999994,0.005293
4996,0.000168,0.039406000000000004,0.0020870000000000003
4997,0.002297,0.039395,0.00317
4998,-0.00198,0.039401,0.0052770000000000004
4999,-0.0030329999999999997,0.040478,0.0031320000000000002
5000,-0.002999,0.044752,-7.8e-05
5001,0.005478,0.037244,0.005332
5002,0.001191,0.03512,0.007441
5003,0.001201,0.034068,0.0042380000000000004
5004,0.000134,0.036193,0.006364
5005,0.002278,0.038316,0.006376
5006,0.0033399999999999997,0.036187000000000004,0.005318
5007,0.001215,0.037263,0.004234
5008,0.000168,0.039406000000000004,0.0020870000000000003
5009,-0.001971,0.039409,0.00314
5010,-0.003047,0.038344,0.004202
5011,-0.005181,0.03729,0.003121
5012,-0.0040950000000000005,0.039425,0.000989
5013,0.001235,0.040464,0.0031609999999999997
5014,0.000153,0.038332,0.004225
5015,-0.000904,0.039406000000000004,0.003148
5016,-0.0019760000000000003,0.039405,0.004209
5017,0.000149,0.037267,0.004226
5018,-0.000918,0.037271,0.004219
5019,0.000153,0.037271,0.0031579999999999998
5020,-0.00198,0.03834,0.00421
5021,-0.0009130000000000001,0.038336,0.004217
5022,-0.003047,0.037283,0.003136
5023,0.001215,0.037263,0.004234
5024,-0.000918,0.03621,0.003152
5025,0.001215,0.037263,0.004234
5026,0.000149,0.038327999999999994,0.005293
5027,0.000153,0.037271,0.0031579999999999998
5028,-0.0019850000000000002,0.037275,0.004211
5029,0.000149,0.038327999999999994,0.005293
5030,-0.0009130000000000001,0.038336,0.004217
5031,-0.0009130000000000001,0.038336,0.004217
5032,-0.000918,0.037271,0.004219
5033,-0.000918,0.037271,0.004219
5034,0.00015800000000000002,0.038337,0.003157
5035,0.000173,0.040472,0.0020859999999999997
5036,-0.0008990000000000001,0.041532,0.004213000000000001
5037,-0.005181,0.039412,0.005254
5038,-0.001952,0.041549,0.001001
5039,0.002316,0.042595,0.002098
5040,0.001196,0.037246,0.008506
5041,0.001206,0.036194,0.005303
5042,0.000139,0.035137,0.004229
5043,0.001196,0.036185,0.00744
5044,0.005459,0.036166000000000004,0.008537999999999999
5045,0.0033439999999999998,0.036191,0.00425
5046,0.00016299999999999998,0.038341,0.002088
5047,0.00122,0.038329,0.004232
5048,-0.0030329999999999997,0.040478,0.0031320000000000002
5049,-0.005171,0.039421,0.003118
5050,-0.005162,0.04049,0.002049
5051,-0.001961,0.040479,0.002071
5052,-0.0008849999999999999,0.042606,0.002076
5053,-0.001952,0.040487999999999996,-6.6e-05
5054,-0.005152,0.04156,0.0009789999999999998
5055,-0.001947,0.042614,0.001
5056,-0.001961,0.04154,0.0031379999999999997
5057,-0.003023,0.042608999999999994,0.003129
5058,-0.003018,0.041552,0.0009939999999999999
5059,-0.003023,0.041548,0.002062
5060,-0.001956,0.041544,0.00207
5061,-0.005162,0.04049,0.002049
5062,-0.0030280000000000003,0.040483,0.0020629999999999997
5063,-0.003018,0.042613,0.002061
5064,-0.001947,0.043675,0.0020670000000000003
5065,-0.003014,0.043679,0.002059
5066,-0.003014,0.042618,0.000993
5067,-0.005147,0.042625,0.000978
5068,-0.007267,0.044767,-0.00010800000000000001
5069,-0.006209,0.043694,0.0009689999999999999
5070,-0.005143,0.042629,-9.1e-05
5071,-0.003009,0.043683,0.000991
5072,-0.003014,0.042618,0.000993
5073,-0.002999,0.044752,-7.8e-05
5074,-0.00619,0.046894,-0.000103
5075,-0.010462,0.046905,0.000935
5076,-0.007233,0.050102,-0.002251
5077,-0.002937,0.054357,-0.0043630000000000006
5078,-0.0019370000000000001,0.044744,0.000997
5079,-0.006205,0.046881,0.003101
5080,-0.003009,0.043683,0.000991
5081,-0.003014,0.045801,0.004193
5082,-0.00299,0.049005,0.002053
5083,-0.004057,0.045826,-0.001155
5084,-0.005104,0.047968000000000004,-0.0033020000000000002
5085,-0.004057,0.045826,-0.001155
5086,-0.005123,0.045829,-0.001163
5087,-0.007267,0.044767,-0.00010800000000000001
5088,-0.0094,0.043713999999999996,-0.00119
5089,-0.008329000000000001,0.044775,-0.001184
5090,-0.00619,0.045833,-0.00117
5091,-0.005118999999999999,0.046895,-0.001164
5092,-0.009396,0.044779,-0.001191
5093,-0.007243,0.047972,-0.0022489999999999997
5094,-0.005118999999999999,0.047956,-9.7e-05
5095,-0.005118999999999999,0.045834,-0.002231
5096,-0.004052,0.046891,-0.001157
5097,-0.00619,0.045833,-0.00117
5098,-0.005143,0.04369,0.000976
5099,-0.006209,0.042633,-9.8e-05
5100,-0.006209,0.043694,0.0009689999999999999
5101,-0.005138,0.044755,0.000975
5102,-0.007276,0.044759,0.0020280000000000003
5103,-0.005138,0.043694,-9.2e-05
5104,-0.002999,0.044752,-7.8e-05
5105,-0.002994,0.044757,-0.001146
5106,-0.006185,0.046898,-0.001172
5107,-0.009376,0.046918,-0.0033299999999999996
5108,-0.006181,0.046903,-0.00224
5109,-0.008334000000000001,0.046893000000000004,0.002018
5110,-0.008319,0.046906,-0.001186
5111,-0.006142,0.054363999999999996,-0.003317
5112,-0.00831,0.047975,-0.0022559999999999998
5113,-0.008348000000000001,0.042636,0.0009550000000000001
5114,-0.00088,0.043670999999999995,0.002074
5115,0.00016299999999999998,0.041524,0.005289
5116,0.000177,0.043658999999999996,0.004218
5117,-0.0030280000000000003,0.040483,0.0020629999999999997
5118,-0.0008849999999999999,0.041545,0.001009
5119,-0.0040950000000000005,0.040486,0.0020559999999999997
5120,-0.000904,0.038345,0.002081
5121,-0.002,0.033018,0.003148
5122,-0.000933,0.034075,0.004222999999999999
5123,-0.0009369999999999999,0.034071,0.005291
5124,-0.00199,0.035148,0.003146
5125,-0.0019850000000000002,0.036213999999999996,0.003144
5126,-0.000918,0.037271,0.004219
5127,0.002263,0.035121,0.006379999999999999
5128,0.004392,0.032987,0.00533
5129,0.004386999999999999,0.032983,0.006398
5130,0.0022489999999999997,0.031925,0.006384
5131,0.001182,0.030868,0.0053100000000000005
5132,0.00011,0.031928,0.007437
5133,0.001187,0.032994,0.006375
5134,0.001187,0.031932999999999996,0.005308
5135,0.001182,0.031929,0.006377000000000001
5136,0.002258,0.032994,0.005315
5137,0.0022489999999999997,0.032986,0.007451
5138,0.002254,0.03299,0.006383
5139,-0.0009279999999999999,0.036201,0.005288
5140,0.000129,0.035128,0.006365
5141,-0.000947,0.033001,0.00636
5142,0.00122,0.037268,0.003165
5143,0.000125,0.033002,0.0053
5144,-0.0009710000000000001,0.029797000000000004,0.008501
5145,0.0054399999999999995,0.032966,0.009609999999999999
5146,0.007564,0.030827999999999998,0.009627
5147,0.005454,0.036162,0.009606
5148,0.002258,0.035116,0.007448000000000001
5149,0.002273,0.034068,0.003177
5150,0.002263,0.03406,0.005313
5151,0.001187,0.032994,0.006375
5152,0.000105,0.031924,0.008506
5153,0.000101,0.029798,0.00744
5154,0.001191,0.032998,0.005307
5155,-0.000933,0.035136,0.0052899999999999996
5156,0.001201,0.034068,0.0042380000000000004
5157,0.00011999999999999999,0.031937,0.005301
5158,0.002254,0.03299,0.006383
5159,0.0022440000000000003,0.032982,0.008519
5160,0.002254,0.031929,0.0053159999999999995
5161,0.00011999999999999999,0.031937,0.005301
5162,0.0022489999999999997,0.031925,0.006384
5163,0.001182,0.030868,0.0053100000000000005
5164,0.001172,0.030858999999999998,0.0074459999999999995
5165,0.001172,0.030858999999999998,0.0074459999999999995
5166,0.0022440000000000003,0.031921,0.007451999999999999
5167,0.0022440000000000003,0.031921,0.007451999999999999
5168,0.004378,0.031913,0.0074670000000000005
5169,0.0022489999999999997,0.030864,0.0053170000000000005
5170,0.000134,0.034071,0.004229999999999999
5171,0.000134,0.035132,0.005297
5172,-0.004143,0.034078,0.006337
5173,0.000168,0.040467,0.003154
5174,0.004416,0.037252,0.004256
5175,0.0033009999999999997,0.031908,0.009595999999999999
5176,0.003311,0.031917,0.00746
5177,0.007559000000000001,0.028702,0.008562
5178,0.006502,0.031897,0.009618999999999999
5179,0.004372999999999999,0.03297,0.009602
5180,0.004386999999999999,0.032983,0.006398
5181,0.001191,0.034059,0.006374
5182,0.0022489999999999997,0.032986,0.007451
5183,0.001182,0.03299,0.007444
5184,0.00011499999999999999,0.032993,0.007436
5185,-0.0009570000000000001,0.030871,0.006363000000000001
5186,0.001196,0.033002,0.004239
5187,0.002258,0.032994,0.005315
5188,0.002268,0.033003,0.0031780000000000003
5189,0.0033159999999999995,0.031921,0.006392
5190,0.0022489999999999997,0.032986,0.007451
5191,0.0022489999999999997,0.032986,0.007451
5192,0.001191,0.032998,0.005307
5193,0.001201,0.034068,0.0042380000000000004
5194,0.001196,0.034063,0.005306
5195,0.001191,0.034059,0.006374
5196,-0.000933,0.035136,0.0052899999999999996
5197,-0.000923,0.036206,0.004220000000000001
5198,-0.003038,0.038352,0.002066
5199,-0.004104,0.039417,0.003125
5200,-0.0030329999999999997,0.040478,0.0031320000000000002
5201,-0.003023,0.039425999999999996,-7.2e-05
5202,-0.001956,0.040483,0.001003
5203,-0.000889,0.041541,0.002077
5204,-0.005176,0.038355,0.0031190000000000002
5205,-0.0040950000000000005,0.040486,0.0020559999999999997
5206,-0.0008609999999999999,0.044749000000000004,-0.001132
5207,0.002268,0.036186,0.006379
5208,-0.0020039999999999997,0.036197,0.007417
5209,0.001187,0.032994,0.006375
5210,0.0033009999999999997,0.030847000000000003,0.008529
5211,0.006502,0.032958,0.010685
5212,0.006511,0.035088999999999995,0.010683
5213,0.002268,0.035125,0.005312
5214,0.001206,0.035133,0.004236
5215,0.000139,0.035137,0.004229
5216,-0.000918,0.037271,0.004219
5217,-0.003057,0.036213,0.0042049999999999995
5218,-0.0062380000000000005,0.037301999999999995,0.000977
5219,0.000168,0.039406000000000004,0.0020870000000000003
5220,0.00016299999999999998,0.039402,0.0031550000000000003
5221,0.000153,0.037271,0.0031579999999999998
5222,0.002278,0.036194,0.004242
5223,0.001196,0.034063,0.005306
5224,0.0033299999999999996,0.035117,0.0063880000000000004
5225,0.0033159999999999995,0.034043000000000004,0.008525
5226,0.0033200000000000005,0.034047,0.007456999999999999
5227,0.0022489999999999997,0.032986,0.007451
5228,0.0033200000000000005,0.032986,0.00639
5229,0.002254,0.03299,0.006383
5230,0.001201,0.03619,0.006371
5231,0.000144,0.038324000000000004,0.006361
5232,0.000149,0.038327999999999994,0.005293
5233,0.000153,0.038332,0.004225
5234,-0.0009130000000000001,0.038336,0.004217
5235,-0.000918,0.038332,0.005286
5236,-0.000904,0.039406000000000004,0.003148
5237,0.00016299999999999998,0.039402,0.0031550000000000003
5238,-0.0019850000000000002,0.038336,0.005278
5239,-0.003042,0.04047,0.005268
5240,0.002316,0.043656,0.003165
5241,0.004386999999999999,0.036166000000000004,0.009598
5242,0.001191,0.037242000000000004,0.009575
5243,0.001196,0.035124,0.006372999999999999
5244,-0.0009369999999999999,0.036193,0.007425
5245,0.002268,0.038308,0.008513
5246,0.00122,0.039389999999999994,0.005299
5247,0.000168,0.040467,0.003154
5248,-0.0008939999999999999,0.039414,0.001011
5249,-0.001971,0.039409,0.00314
5250,-0.00409,0.041552,0.002055
5251,-0.0062380000000000005,0.039424,0.003111
5252,-0.005157,0.041555,0.0020469999999999998
5253,-0.0030329999999999997,0.039417,0.002065
5254,-0.001966,0.040475,0.003139
5255,-0.001961,0.040479,0.002071
5256,-0.003047,0.038344,0.004202
5257,0.001215,0.037263,0.004234
5258,0.002287,0.038325,0.00424
5259,0.002292,0.040451,0.005305
5260,0.001225,0.039394,0.004231
5261,0.00015800000000000002,0.038337,0.003157
5262,-0.000918,0.03621,0.003152
5263,0.000153,0.037271,0.0031579999999999998
5264,0.000149,0.037267,0.004226
5265,-0.0019850000000000002,0.038336,0.005278
5266,0.000153,0.037271,0.0031579999999999998
5267,-0.00198,0.03834,0.00421
5268,-0.000909,0.03834,0.003149
5269,-0.000909,0.03834,0.003149
5270,0.000153,0.037271,0.0031579999999999998
5271,-0.000904,0.038345,0.002081
5272,-0.0008939999999999999,0.040475,0.002078
5273,-0.003052,0.0394,0.006338
5274,-0.003047,0.038344,0.004202
5275,-0.0008699999999999999,0.043680000000000004,-6.2e-05
5276,0.0033490000000000004,0.037256,0.004249
5277,-0.002009,0.036192,0.008485
5278,-0.0009279999999999999,0.036201,0.005288
5279,0.000129,0.034067,0.005298
5280,0.0044020000000000005,0.037239999999999995,0.007461
5281,0.0033399999999999997,0.036187000000000004,0.005318
5282,0.00122,0.036206999999999996,0.0020989999999999997
5283,0.00015800000000000002,0.038337,0.003157
5284,0.000144,0.037263,0.005294
5285,-0.003047,0.037283,0.003136
5286,-0.005176,0.038355,0.0031190000000000002
5287,-0.0030329999999999997,0.040478,0.0031320000000000002
5288,-0.000904,0.039406000000000004,0.003148
5289,-0.001961,0.039418,0.001004
5290,-0.003014,0.040494999999999996,-0.001141
5291,-0.0009130000000000001,0.038336,0.004217
5292,0.00015800000000000002,0.038337,0.003157
5293,0.00015800000000000002,0.038337,0.003157
5294,-0.0009130000000000001,0.038336,0.004217
5295,-0.0009130000000000001,0.037275,0.003151
5296,-0.001995,0.036205,0.005281
5297,-0.003057,0.037274,0.005272
5298,-0.0019850000000000002,0.037275,0.004211
5299,-0.0019850000000000002,0.037275,0.004211
5300,-0.003038,0.040474,0.0042
5301,-0.003009,0.043683,0.000991
5302,-0.002999,0.043691,-0.001145
5303,-0.0030039999999999997,0.043687000000000004,-7.7e-05
5304,-0.004076,0.042625,-8.3e-05
5305,-0.004079999999999999,0.042621,0.000985
5306,-0.004071,0.043691,-8.4e-05
5307,-0.0051329999999999995,0.046882,0.002041
5308,-0.006214,0.04369,0.002037
5309,-0.00941,0.044766,0.002013
5310,-0.0018989999999999999,0.050082999999999996,-0.0022140000000000003
5311,0.000197,0.044737,0.0010119999999999999
5312,-0.006229,0.041555,0.0031079999999999997
5313,-0.003018,0.043674,0.003128
5314,-0.0008990000000000001,0.040471,0.003147
5315,-0.0019420000000000001,0.044739999999999995,0.002066
5316,-0.000866,0.046867,0.00207
5317,-0.002999,0.044752,-7.8e-05
5318,-0.002994,0.044757,-0.001146
5319,-0.0019370000000000001,0.043683,-7e-05
5320,-0.007267,0.045828,0.000959
5321,-0.008338,0.043706,-0.00011399999999999999
5322,-0.007262,0.045832,-0.000109
5323,-0.0072569999999999996,0.045837,-0.001178
5324,-0.007262,0.045832,-0.000109
5325,-0.00619,0.045833,-0.00117
5326,-0.005123,0.045829,-0.001163
5327,-0.004065999999999999,0.045817000000000004,0.000981
5328,-0.004061,0.045821,-8.7e-05
5329,-0.005123,0.044768,-0.00223
5330,-0.004065999999999999,0.044756,-8.6e-05
5331,-0.005143,0.042629,-9.1e-05
5332,-0.006214,0.04369,0.002037
5333,-0.0051329999999999995,0.043699,-0.00116
5334,-0.004076,0.043686,0.000984
5335,-0.00409,0.042613,0.003121
5336,-0.001947,0.042614,0.001
5337,-0.0008849999999999999,0.041545,0.001009
5338,-0.001961,0.040479,0.002071
5339,-0.0008990000000000001,0.03941,0.0020800000000000003
5340,-0.003042,0.038348,0.003134
5341,-0.003047,0.037283,0.003136
5342,-0.003047,0.038344,0.004202
5343,-0.0009279999999999999,0.036201,0.005288
5344,0.0012439999999999999,0.041533,0.002092
5345,0.000134,0.033010000000000005,0.003163
5346,0.00011499999999999999,0.032993,0.007436
5347,0.001187,0.034055,0.007442
5348,0.003325,0.035113,0.007456
5349,0.002263,0.036182,0.007447
5350,0.0033350000000000003,0.03406,0.004253
5351,0.0033299999999999996,0.032995,0.004254
5352,0.002258,0.032994,0.005315
5353,0.001196,0.035124,0.006372999999999999
5354,-0.003081,0.033009,0.006346
5355,-0.0020039999999999997,0.033014,0.004217
5356,-0.001995,0.035144,0.004214
5357,-0.000918,0.03621,0.003152
5358,-0.000923,0.036206,0.004220000000000001
5359,-0.001995,0.035144,0.004214
5360,0.000139,0.036198,0.005296
5361,0.002278,0.037255,0.005309
5362,0.000149,0.037267,0.004226
5363,0.002258,0.032994,0.005315
5364,0.000129,0.033006,0.004231
5365,0.000129,0.033006,0.004231
5366,-0.0009369999999999999,0.034071,0.005291
5367,-0.000933,0.035136,0.0052899999999999996
5368,0.000125,0.034063,0.006367
5369,0.0012109999999999998,0.037259,0.005302
5370,0.0012109999999999998,0.036198,0.004235
5371,0.000139,0.035137,0.004229
5372,0.0012109999999999998,0.036198,0.004235
5373,0.000144,0.036202,0.004228
5374,-0.002,0.036201,0.0063490000000000005
5375,-0.0019850000000000002,0.036213999999999996,0.003144
5376,0.0012439999999999999,0.041533,0.002092
5377,0.001196,0.034063,0.005306
5378,0.001182,0.03299,0.007444
5379,0.0033159999999999995,0.032982,0.007458
5380,0.004368,0.031905,0.009604000000000001
5381,0.003325,0.036174,0.008523000000000001
5382,0.0033399999999999997,0.036187000000000004,0.005318
5383,0.001206,0.034072000000000005,0.003169
5384,0.001206,0.035133,0.004236
5385,0.000139,0.036198,0.005296
5386,-0.002,0.03514,0.005282
5387,-0.00199,0.035148,0.003146
5388,-0.0009130000000000001,0.037275,0.003151
5389,-0.0009130000000000001,0.038336,0.004217
5390,-0.0009130000000000001,0.037275,0.003151
5391,-0.000918,0.03621,0.003152
5392,0.002273,0.035129,0.0042439999999999995
5393,0.001206,0.035133,0.004236
5394,0.000144,0.035141000000000006,0.0031609999999999997
5395,0.000139,0.036198,0.005296
5396,0.000144,0.035141000000000006,0.0031609999999999997
5397,-0.000933,0.035136,0.0052899999999999996
5398,-0.003071,0.034078,0.0052759999999999994
5399,0.000125,0.034063,0.006367
5400,-0.0009279999999999999,0.036201,0.005288
5401,0.000149,0.037267,0.004226
5402,-0.000918,0.037271,0.004219
5403,0.0012109999999999998,0.036198,0.004235
5404,0.00015800000000000002,0.038337,0.003157
5405,-0.000918,0.037271,0.004219
5406,-0.004118999999999999,0.038343,0.005263
5407,-0.0019760000000000003,0.039405,0.004209
5408,0.00018700000000000002,0.042606,0.001015
5409,0.002254,0.034051,0.00745
5410,-0.0009519999999999999,0.034058,0.008495
5411,0.0011769999999999999,0.031924,0.007445
5412,0.0033159999999999995,0.032982,0.007458
5413,0.0044020000000000005,0.037239999999999995,0.007461
5414,0.0033490000000000004,0.037256,0.004249
5415,0.001215,0.037263,0.004234
5416,0.00122,0.037268,0.003165
5417,-0.0009130000000000001,0.038336,0.004217
5418,-0.0020039999999999997,0.034075,0.0052829999999999995
5419,-0.004128,0.034091,0.0031320000000000002
5420,-0.0009130000000000001,0.037275,0.003151
5421,0.000149,0.037267,0.004226
5422,-0.00198,0.037279,0.003143
5423,-0.000918,0.03621,0.003152
5424,0.0012109999999999998,0.037259,0.005302
5425,0.001206,0.036194,0.005303
5426,0.001215,0.037263,0.004234
5427,-0.00198,0.037279,0.003143
5428,-0.0009279999999999999,0.03514,0.004221
5429,0.000144,0.036202,0.004228
5430,-0.0009279999999999999,0.03514,0.004221
5431,0.001201,0.035129,0.005304
5432,0.000139,0.035137,0.004229
5433,0.000149,0.037267,0.004226
5434,0.000153,0.038332,0.004225
5435,0.000153,0.038332,0.004225
5436,0.001215,0.037263,0.004234
5437,0.00015800000000000002,0.039398,0.004224
5438,-0.003057,0.037274,0.005272
5439,-0.005176,0.038355,0.0031190000000000002
5440,0.001259,0.042607,-4.6e-05
5441,0.0033490000000000004,0.037256,0.004249
5442,0.00011499999999999999,0.034054,0.008503
5443,0.001191,0.034059,0.006374
5444,0.003325,0.034052,0.006389
5445,0.0033299999999999996,0.037239,0.008520999999999999
5446,0.004406,0.037244,0.006392
5447,0.00122,0.037268,0.003165
5448,0.000144,0.036202,0.004228
5449,0.000153,0.038332,0.004225
5450,-0.0009279999999999999,0.036201,0.005288
5451,-0.005181,0.03729,0.003121
5452,-0.004104,0.039417,0.003125
5453,-0.0008990000000000001,0.040471,0.003147
5454,0.000153,0.037271,0.0031579999999999998
5455,-0.001971,0.038348,0.002074
5456,-0.0019850000000000002,0.037275,0.004211
5457,0.0033439999999999998,0.037252,0.0053170000000000005
5458,0.0033490000000000004,0.038317000000000004,0.005315
5459,0.000153,0.038332,0.004225
5460,-0.000923,0.037267,0.005287
5461,-0.003052,0.036217,0.003137
5462,-0.000923,0.036206,0.004220000000000001
5463,0.000144,0.036202,0.004228
5464,-0.0009279999999999999,0.037262,0.0063549999999999995
5465,-0.0008990000000000001,0.038349,0.001013
5466,-0.00088,0.040487999999999996,-0.001126
5467,-0.005138,0.041572000000000005,-0.002226
5468,-0.004071,0.041569,-0.002218
5469,-0.005143,0.041568,-0.001157
5470,-0.006209,0.042633,-9.8e-05
5471,-0.005157,0.042616,0.003114
5472,-0.00942,0.040514,-0.000118
5473,-0.004047,0.045834,-0.0032920000000000002
5474,-0.000889,0.039419,-5.6999999999999996e-05
5475,-0.002009,0.035131,0.007418999999999999
5476,-0.000942,0.035128,0.007426
5477,0.000134,0.035132,0.005297
5478,0.004397,0.035113,0.0063950000000000005
5479,0.005478,0.036183,0.004265
5480,0.001215,0.037263,0.004234
5481,0.001225,0.038333,0.003164
5482,0.000149,0.037267,0.004226
5483,-0.003042,0.039409,0.004201
5484,-0.007319,0.037293,0.004174000000000001
5485,-0.005176,0.039416,0.004186
5486,0.000153,0.039393,0.005292
5487,-0.0009130000000000001,0.037275,0.003151
5488,-0.000918,0.035149,0.002085
5489,0.000144,0.037263,0.005294
5490,0.002258,0.037238,0.009581999999999999
5491,-0.000918,0.040454000000000004,0.007418999999999999
5492,-0.001966,0.042597,0.005273
5493,-0.003014,0.042618,0.000993
5494,-0.0040950000000000005,0.042608,0.00419
5495,-0.005162,0.043673000000000003,0.005249
5496,-0.004085,0.043677999999999995,0.00312
5497,-0.005147,0.042625,0.000978
5498,-0.005143,0.04369,0.000976
5499,-0.004061,0.046882,0.00098
5500,-0.0051140000000000005,0.04796,-0.001165
5501,-0.004052,0.04583,-0.002223
5502,-0.00299,0.044761,-0.002215
5503,-0.006209,0.044755,0.002036
5504,-0.006195,0.04689,0.000965
5505,-0.007281,0.045814999999999995,0.004163
5506,-0.008348000000000001,0.044758,0.003089
5507,-0.004028,0.05221699999999999,-0.001163
5508,-0.0029850000000000002,0.046887,-0.001149
5509,-0.006229,0.042616,0.004175
5510,-0.0051329999999999995,0.045821,0.000974
5511,-0.002999,0.045813,0.000989
5512,-0.004052,0.050074,0.0020440000000000002
5513,-0.002975,0.050079000000000005,-8.499999999999999e-05
5514,-0.006181,0.046903,-0.00224
5515,-0.006176,0.049029,-0.001174
5516,-0.00619,0.045833,-0.00117
5517,-0.008338,0.044767,0.000953
5518,-0.008338,0.043706,-0.00011399999999999999
5519,-0.008324,0.046901,-0.000118
5520,-0.0072569999999999996,0.046898,-0.00011100000000000001
5521,-0.005123,0.045829,-0.001163
5522,-0.0051329999999999995,0.04476,-9.300000000000001e-05
5523,-0.005123,0.045829,-0.001163
5524,-0.004061,0.04476,-0.0011539999999999999
5525,-0.004057,0.045826,-0.001155
5526,-0.0051329999999999995,0.04476,-9.300000000000001e-05
5527,-0.006205,0.043698,-9.9e-05
5528,-0.003023,0.041548,0.002062
5529,-0.004104,0.039417,0.003125
5530,-0.0041,0.039421,0.0020570000000000002
5531,-0.0030280000000000003,0.040483,0.0020629999999999997
5532,-0.001966,0.039414,0.002072
5533,0.000149,0.037267,0.004226
5534,0.000149,0.036206,0.003159
5535,0.000153,0.037271,0.0031579999999999998
5536,-0.003038,0.038352,0.002066
5537,-0.0019850000000000002,0.037275,0.004211
5538,-0.003057,0.037274,0.005272
5539,0.00123,0.038337,0.002096
5540,-0.000889,0.04048,0.00101
5541,-0.0009570000000000001,0.030871,0.006363000000000001
5542,0.001191,0.03512,0.007441
5543,0.004382,0.032978,0.0074659999999999995
5544,0.005454,0.035101,0.008539
5545,0.005454,0.03404,0.0074719999999999995
5546,0.004386999999999999,0.031922000000000006,0.005331
5547,0.0033299999999999996,0.032995,0.004254
5548,0.001182,0.031929,0.006377000000000001
5549,0.00011999999999999999,0.032998,0.006368
5550,-0.004143,0.033017000000000005,0.00527
5551,-0.000933,0.035136,0.0052899999999999996
5552,-0.0009369999999999999,0.035132,0.006358
5553,-0.0009279999999999999,0.03514,0.004221
5554,-0.000933,0.034075,0.004222999999999999
5555,0.001196,0.034063,0.005306
5556,0.002263,0.03406,0.005313
5557,0.000125,0.033002,0.0053
5558,-0.0009369999999999999,0.034071,0.005291
5559,0.001191,0.034059,0.006374
5560,0.001196,0.033002,0.004239
5561,0.00011,0.030867000000000002,0.006371
5562,0.001187,0.032994,0.006375
5563,0.001187,0.034055,0.007442
5564,0.003325,0.034052,0.006389
5565,0.001201,0.034068,0.0042380000000000004
5566,0.002254,0.031929,0.0053159999999999995
5567,0.000139,0.034076,0.0031620000000000003
5568,0.001196,0.034063,0.005306
5569,-0.003081,0.034069999999999996,0.007412
5570,-0.0009279999999999999,0.036201,0.005288
5571,0.0033729999999999997,0.04046,0.0021079999999999996
5572,0.002239,0.031916,0.008520999999999999
5573,0.00223,0.030847000000000003,0.009590000000000001
5574,0.004359,0.028713,0.008539
5575,0.006497,0.030832,0.00962
5576,0.0054399999999999995,0.031905,0.008543
5577,0.004382,0.032978,0.0074659999999999995
5578,0.001196,0.034063,0.005306
5579,0.001196,0.033002,0.004239
5580,0.002254,0.034051,0.00745
5581,0.000105,0.031924,0.008506
5582,-0.002014,0.031944,0.005286
5583,-0.00199,0.036209,0.004213000000000001
5584,0.001206,0.036194,0.005303
5585,-0.000918,0.037271,0.004219
5586,-0.00199,0.036209,0.004213000000000001
5587,0.002268,0.035125,0.005312
5588,0.0033350000000000003,0.03406,0.004253
5589,0.000144,0.036202,0.004228
5590,0.000144,0.036202,0.004228
5591,0.000134,0.034071,0.004229999999999999
5592,0.000125,0.033002,0.0053
5593,-0.0009369999999999999,0.034071,0.005291
5594,-0.000942,0.033006,0.005292
5595,0.002254,0.03299,0.006383
5596,0.001196,0.035124,0.006372999999999999
5597,0.001201,0.035129,0.005304
5598,0.0012109999999999998,0.036198,0.004235
5599,0.00016299999999999998,0.039402,0.0031550000000000003
5600,-0.001966,0.040475,0.003139
5601,-0.005176,0.039416,0.004186
5602,-0.0008939999999999999,0.040475,0.002078
5603,0.002321,0.041538,-3.7e-05
5604,0.0033159999999999995,0.034043000000000004,0.008525
5605,0.002254,0.035112,0.008517
5606,0.0033200000000000005,0.032986,0.00639
5607,0.004382,0.032978,0.0074659999999999995
5608,0.0033200000000000005,0.035108,0.008524
5609,0.002263,0.035121,0.006379999999999999
5610,0.001215,0.037263,0.004234
5611,0.002273,0.035129,0.0042439999999999995
5612,-0.000923,0.037267,0.005287
5613,-0.0019850000000000002,0.036213999999999996,0.003144
5614,-0.005171,0.037299,0.000984
5615,-0.0030280000000000003,0.040483,0.0020629999999999997
5616,-0.000904,0.039406000000000004,0.003148
5617,-0.000904,0.038345,0.002081
5618,-0.001966,0.039414,0.002072
5619,-0.0009130000000000001,0.038336,0.004217
5620,-0.001995,0.036205,0.005281
5621,0.000153,0.037271,0.0031579999999999998
5622,0.000153,0.037271,0.0031579999999999998
5623,-0.000923,0.036206,0.004220000000000001
5624,0.000144,0.036202,0.004228
5625,-0.00198,0.03834,0.00421
5626,-0.002,0.03514,0.005282
5627,-0.0019850000000000002,0.037275,0.004211
5628,-0.00198,0.03834,0.00421
5629,-0.0008990000000000001,0.03941,0.0020800000000000003
5630,-0.0019760000000000003,0.039405,0.004209
5631,0.000153,0.038332,0.004225
5632,0.000177,0.041537,0.002084
5633,-0.0019760000000000003,0.039405,0.004209
5634,-0.0041140000000000005,0.039408,0.005261999999999999
5635,-0.001952,0.041549,0.001001
5636,0.002321,0.042599,0.00103
5637,0.001191,0.03512,0.007441
5638,0.002268,0.036186,0.006379
5639,0.000125,0.034063,0.006367
5640,0.002273,0.037251,0.006377000000000001
5641,0.004411,0.037248,0.005324000000000001
5642,0.00123,0.039398,0.003163
5643,-0.000904,0.038345,0.002081
5644,0.000149,0.037267,0.004226
5645,-0.000918,0.038332,0.005286
5646,-0.003057,0.036213,0.0042049999999999995
5647,-0.005171,0.038360000000000005,0.0020510000000000003
5648,-0.0019760000000000003,0.038344,0.0031420000000000003
5649,0.001225,0.039394,0.004231
5650,-0.001966,0.039414,0.002072
5651,-0.003038,0.039413,0.003133
5652,-0.0009130000000000001,0.039397,0.0052840000000000005
5653,0.001225,0.038333,0.003164
5654,-0.0009130000000000001,0.038336,0.004217
5655,-0.0019760000000000003,0.038344,0.0031420000000000003
5656,-0.000909,0.037279,0.002082
5657,-0.000918,0.03621,0.003152
5658,-0.000909,0.037279,0.002082
5659,-0.0019850000000000002,0.037275,0.004211
5660,0.000153,0.038332,0.004225
5661,0.000149,0.037267,0.004226
5662,-0.0019760000000000003,0.037283,0.002075
5663,-0.0019760000000000003,0.038344,0.0031420000000000003
5664,-0.000909,0.03834,0.003149
5665,-0.0019850000000000002,0.037275,0.004211
5666,-0.000909,0.03834,0.003149
5667,-0.001971,0.039409,0.00314
5668,-0.003052,0.038339,0.0052710000000000005
5669,-0.004109000000000001,0.039413,0.004194
5670,-0.000866,0.044745,-6.3e-05
5671,-0.000904,0.039406000000000004,0.003148
5672,-0.00199,0.039392,0.0074129999999999995
5673,-0.001956,0.042605000000000004,0.003136
5674,-0.001956,0.042605000000000004,0.003136
5675,-0.00088,0.044732,0.003141
5676,0.000192,0.045794,0.003147
5677,-0.00299,0.045822,-0.0011480000000000001
5678,-0.002999,0.045813,0.000989
5679,-0.002999,0.045813,0.000989
5680,-0.0062,0.044763,-0.000101
5681,-0.009396,0.044779,-0.001191
5682,-0.009381,0.047975,-0.0011949999999999999
5683,-0.0051140000000000005,0.049020999999999995,-9.9e-05
5684,-0.0051140000000000005,0.045838,-0.0032990000000000003
5685,-0.006185,0.046898,-0.001172
5686,-0.005118999999999999,0.047956,-9.7e-05
5687,-0.0051140000000000005,0.046899,-0.002232
5688,-0.006181,0.046903,-0.00224
5689,-0.005109000000000001,0.047964,-0.002234
5690,-0.0051329999999999995,0.045821,0.000974
5691,-0.006195,0.045829,-0.000102
5692,-0.006205,0.043698,-9.9e-05
5693,-0.007271,0.044763,0.0009599999999999999
5694,-0.00619,0.047955000000000005,0.000964
5695,-0.0051140000000000005,0.049020999999999995,-9.9e-05
5696,-0.008305,0.050102,-0.00119
5697,-0.007233,0.050102,-0.002251
5698,-0.007238,0.049037,-0.00225
5699,-0.008305,0.049041,-0.002257
5700,-0.008305,0.04798,-0.003324
5701,-0.006171,0.049033,-0.002242
5702,-0.008305,0.050102,-0.00119
5703,-0.011481,0.054377999999999996,-0.002286
5704,-0.012558,0.053312,-0.001224
5705,-0.010415,0.053313,-0.003346
5706,-0.004004,0.055421000000000005,-0.003304
5707,-0.002966,0.050087,-0.002221
5708,-0.007276,0.043698,0.0009609999999999999
5709,-0.007267,0.045828,0.000959
5710,-0.004079999999999999,0.044743,0.0031190000000000002
5711,-0.0019320000000000001,0.048993,0.004197
5712,-0.001928,0.046875,0.000995
5713,-0.004061,0.04476,-0.0011539999999999999
5714,-0.004061,0.04476,-0.0011539999999999999
5715,-0.004076,0.043686,0.000984
5716,-0.007281,0.044754,0.0030960000000000002
5717,-0.010462,0.045844,-0.000132
5718,-0.009381,0.046914,-0.002262
5719,-0.008305,0.04798,-0.003324
5720,-0.007252,0.045841,-0.002246
5721,-0.00619,0.045833,-0.00117
5722,-0.0062,0.045824000000000004,0.0009660000000000001
5723,-0.0051329999999999995,0.04476,-9.300000000000001e-05
5724,-0.005118999999999999,0.045834,-0.002231
5725,-0.005123,0.044768,-0.00223
5726,-0.007271,0.044763,0.0009599999999999999
5727,-0.008334000000000001,0.045832,0.000951
5728,-0.008329000000000001,0.044775,-0.001184
5729,-0.008324,0.046901,-0.000118
5730,-0.007262,0.045832,-0.000109
5731,-0.008324,0.046901,-0.000118
5732,-0.005123,0.045829,-0.001163
5733,-0.004071,0.043691,-8.4e-05
5734,-0.001947,0.041553,-6.7e-05
5735,-0.004076,0.042625,-8.3e-05
5736,-0.006209,0.043694,0.0009689999999999999
5737,-0.00409,0.041552,0.002055
5738,-0.005171,0.039421,0.003118
5739,-0.0019320000000000001,0.044749000000000004,-7.099999999999999e-05
5740,-0.004076,0.042625,-8.3e-05
5741,-0.00199,0.036209,0.004213000000000001
5742,0.000153,0.039393,0.005292
5743,0.002278,0.037255,0.005309
5744,0.0012109999999999998,0.037259,0.005302
5745,0.004406,0.034061,0.003192
5746,0.002258,0.030872000000000004,0.003181
5747,0.004382,0.030856,0.005332
5748,0.007564,0.028706,0.007494
5749,0.004354,0.027648000000000002,0.008541
5750,-0.000981,0.026606,0.007437
5751,-0.000942,0.031945,0.004225
5752,-0.0009279999999999999,0.03514,0.004221
5753,-0.00199,0.036209,0.004213000000000001
5754,0.001187,0.032994,0.006375
5755,0.005445,0.031909,0.007475
5756,0.0043630000000000006,0.028717000000000003,0.007470999999999999
5757,0.001191,0.034059,0.006374
5758,-0.000933,0.033014,0.003156
5759,-0.002,0.033018,0.003148
5760,0.0033200000000000005,0.031925,0.005323
5761,0.0011769999999999999,0.030862999999999998,0.006378
5762,0.00223,0.030847000000000003,0.009590000000000001
5763,0.00011,0.032989,0.008504000000000001
5764,0.000125,0.033002,0.0053
5765,0.0033200000000000005,0.031925,0.005323
5766,0.004372999999999999,0.029787,0.006402
5767,0.0022489999999999997,0.030864,0.0053170000000000005
5768,0.001182,0.031929,0.006377000000000001
5769,-0.0009660000000000001,0.030862,0.008499
5770,0.0011769999999999999,0.030862999999999998,0.006378
5771,0.004416,0.036191,0.003189
5772,0.0043630000000000006,0.029778,0.008537999999999999
5773,0.002215,0.027651,0.009594
5774,0.0043490000000000004,0.028705,0.010676
5775,0.006478,0.027632,0.010692
5776,0.007564,0.031889,0.010694
5777,0.006487000000000001,0.028701,0.009623
5778,0.006492,0.027645,0.007487000000000001
5779,0.006497,0.027649,0.006418999999999999
5780,0.0032920000000000002,0.027656,0.007465
5781,0.00223,0.028725,0.007456
5782,8.6e-05,0.028724,0.009578
5783,0.00011499999999999999,0.031932,0.006369
5784,0.0011769999999999999,0.030862999999999998,0.006378
5785,0.002239,0.029794,0.0063869999999999994
5786,0.004368,0.030844,0.008537000000000001
5787,0.0032920000000000002,0.028717000000000003,0.008532
5788,0.0032920000000000002,0.027656,0.007465
5789,0.0033009999999999997,0.029786,0.007462000000000001
5790,0.0033060000000000003,0.028730000000000002,0.005327
5791,0.005411,0.025514,0.008551000000000001
5792,0.007529999999999999,0.023371,0.009637
5793,0.006449,0.022300999999999998,0.011767
5794,0.005386999999999999,0.02337,0.011758
5795,0.0022010000000000003,0.026576999999999996,0.011732
5796,0.000101,0.03192,0.009574
5797,-0.001995,0.038327,0.007415000000000001
5798,0.00015800000000000002,0.039398,0.004224
5799,0.006531,0.035106,0.006409999999999999
5800,0.0022489999999999997,0.036169,0.010652
5801,0.000105,0.035107,0.011706
5802,-0.002038,0.032984,0.011694
5803,-0.002038,0.030862,0.009559999999999999
5804,0.004411,0.037248,0.005324000000000001
5805,0.00864,0.030833,0.007498
5806,0.007540000000000001,0.028685000000000002,0.012835
5807,0.008597,0.026550999999999998,0.012844999999999999
5808,0.008583,0.023355,0.012849000000000001
5809,0.009664,0.027607999999999997,0.013918999999999999
5810,0.0064730000000000005,0.028689,0.012827000000000002
5811,0.0033009999999999997,0.030847000000000003,0.008529
5812,0.0011769999999999999,0.032985,0.008512
5813,0.001172,0.03192,0.008513
5814,0.0032920000000000002,0.029778,0.009599
5815,0.0011480000000000001,0.027655000000000002,0.009587
5816,-0.0009609999999999999,0.030867000000000002,0.007431
5817,0.000144,0.037263,0.005294
5818,0.000153,0.037271,0.0031579999999999998
5819,-0.000918,0.037271,0.004219
5820,0.000139,0.036198,0.005296
5821,0.000139,0.036198,0.005296
5822,0.000125,0.035124,0.0074329999999999995
5823,-0.000933,0.036197,0.0063560000000000005
5824,-0.001995,0.037266,0.0063479999999999995
5825,0.000134,0.034071,0.004229999999999999
5826,0.001196,0.034063,0.005306
5827,-0.000933,0.034075,0.004222999999999999
5828,-0.0009369999999999999,0.034071,0.005291
5829,0.001187,0.032994,0.006375
5830,0.001196,0.035124,0.006372999999999999
5831,0.000139,0.036198,0.005296
5832,0.000134,0.035132,0.005297
5833,0.00122,0.037268,0.003165
5834,0.00123,0.039398,0.003163
5835,-0.000918,0.039393,0.006352
5836,-0.0041140000000000005,0.038347000000000006,0.004195
5837,-0.0019320000000000001,0.043688,-0.0011380000000000001
5838,0.0033590000000000004,0.038326,0.003179
5839,-0.0009369999999999999,0.036193,0.007425
5840,-0.003052,0.037278,0.004204
5841,-0.000904,0.039406000000000004,0.003148
5842,0.001235,0.040464,0.0031609999999999997
5843,0.000173,0.041533,0.003153
5844,-0.003014,0.042618,0.000993
5845,-0.003014,0.041556,-7.4e-05
5846,-0.005167000000000001,0.037302999999999996,-8.4e-05
5847,-0.00199,0.036209,0.004213000000000001
5848,-0.0019850000000000002,0.039397,0.006345
5849,-0.003052,0.037278,0.004204
5850,0.000153,0.037271,0.0031579999999999998
5851,0.001215,0.036202,0.003167
5852,-0.0019760000000000003,0.037283,0.002075
5853,-0.003052,0.037278,0.004204
5854,-0.0019760000000000003,0.038344,0.0031420000000000003
5855,-0.000909,0.037279,0.002082
5856,-0.003042,0.038348,0.003134
5857,-0.001966,0.039414,0.002072
5858,-0.001971,0.037287,0.001007
5859,-0.0030329999999999997,0.038356,0.000998
5860,-0.000909,0.036218,0.001015
5861,-0.003047,0.036222000000000004,0.002069
5862,-0.00198,0.03834,0.00421
5863,-0.003042,0.038348,0.003134
5864,0.001225,0.039394,0.004231
5865,-0.001971,0.038348,0.002074
5866,-0.0008939999999999999,0.039414,0.001011
5867,-0.003023,0.039425999999999996,-7.2e-05
5868,-0.002999,0.041569,-0.003279
5869,0.00018700000000000002,0.040484,-0.001119
5870,-0.003038,0.038352,0.002066
5871,0.001259,0.044729000000000005,0.002088
5872,0.004464,0.044722000000000005,0.001042
5873,0.002254,0.031929,0.0053159999999999995
5874,0.001172,0.03192,0.008513
5875,0.0033060000000000003,0.032974,0.009595000000000001
5876,0.0022440000000000003,0.035104,0.010653
5877,0.0033399999999999997,0.038308999999999996,0.007451999999999999
5878,0.002287,0.037264,0.003173
5879,0.001235,0.039403,0.002095
5880,0.000177,0.040476,0.001018
5881,0.0033829999999999997,0.041530000000000004,0.001039
5882,-0.0008849999999999999,0.039423,-0.001125
5883,-0.001971,0.037287,0.001007
5884,-0.0041,0.039421,0.0020570000000000002
5885,0.000144,0.039385,0.007428
5886,-0.0019850000000000002,0.038336,0.005278
5887,-0.003057,0.038335,0.006339
5888,-0.00199,0.039392,0.0074129999999999995
5889,0.000149,0.038327999999999994,0.005293
5890,0.000153,0.039393,0.005292
5891,0.000173,0.040472,0.0020859999999999997
5892,0.00016299999999999998,0.039402,0.0031550000000000003
5893,0.00015800000000000002,0.038337,0.003157
5894,-0.0019760000000000003,0.037283,0.002075
5895,-0.000909,0.039401,0.004215999999999999
5896,0.00015800000000000002,0.039398,0.004224
5897,-0.0019760000000000003,0.039405,0.004209
5898,0.00015800000000000002,0.038337,0.003157
5899,-0.003038,0.040474,0.0042
5900,-0.001966,0.040475,0.003139
5901,-0.0008990000000000001,0.03941,0.0020800000000000003
5902,0.00015800000000000002,0.037276,0.00209
5903,0.001239,0.041529,0.00316
5904,-0.001995,0.036205,0.005281
5905,-0.004118999999999999,0.038343,0.005263
5906,-0.0008699999999999999,0.043680000000000004,-6.2e-05
5907,0.0033640000000000002,0.039391,0.0031780000000000003
5908,0.00011499999999999999,0.032993,0.007436
5909,-0.000923,0.037267,0.005287
5910,-0.0009130000000000001,0.039397,0.0052840000000000005
5911,0.001225,0.040455,0.005298
5912,0.003368,0.039395,0.002109
5913,-0.0008939999999999999,0.039414,0.001011
5914,-0.0008849999999999999,0.041545,0.001009
5915,-0.0019760000000000003,0.037283,0.002075
5916,-0.001966,0.039414,0.002072
5917,-0.007291,0.040501999999999996,0.000965
5918,-0.006214,0.042629,0.0009699999999999999
5919,-0.003038,0.039413,0.003133
5920,-0.000904,0.039406000000000004,0.003148
5921,-0.0041,0.039421,0.0020570000000000002
5922,-0.001971,0.038348,0.002074
5923,0.00015800000000000002,0.038337,0.003157
5924,-0.000904,0.039406000000000004,0.003148
5925,-0.001971,0.04047,0.004207
5926,-0.0009130000000000001,0.038336,0.004217
5927,0.000149,0.037267,0.004226
5928,-0.00199,0.03727,0.005279
5929,-0.0019760000000000003,0.039405,0.004209
5930,-0.0041140000000000005,0.038347000000000006,0.004195
5931,-0.0008990000000000001,0.040471,0.003147
5932,-0.0008849999999999999,0.043667000000000004,0.003143
5933,-0.005143,0.04369,0.000976
5934,-0.006185,0.046898,-0.001172
5935,-0.0051140000000000005,0.049020999999999995,-9.9e-05
5936,-0.005109000000000001,0.047964,-0.002234
5937,-0.0040420000000000005,0.046899,-0.003293
5938,-0.004057,0.045826,-0.001155
5939,-0.009396,0.047962,0.002009
5940,-0.006171,0.050094,-0.001176
5941,-0.004013,0.053291,-0.0033009999999999997
5942,-0.003009,0.043683,0.000991
5943,-0.005152,0.04156,0.0009789999999999998
5944,-0.003018,0.042613,0.002061
5945,-0.0008849999999999999,0.042606,0.002076
5946,0.000197,0.043676,-5.5e-05
5947,0.00233,0.043668,-4e-05
5948,-0.0008609999999999999,0.047932,0.002069
5949,-0.0030039999999999997,0.047931,0.00419
5950,-0.004076,0.045808999999999996,0.003117
5951,-0.012596,0.044789999999999996,-0.001214
5952,-0.012563,0.049063999999999997,-0.004424
5953,-0.012558,0.049068,-0.005492
5954,-0.008295,0.05011,-0.003327
5955,-0.008286,0.052240999999999996,-0.003329
5956,-0.010405,0.053322,-0.005482
5957,-0.008270999999999999,0.050131,-0.008668
5958,-0.005075,0.047994,-0.009711
5959,-0.00297,0.044778,-0.006487000000000001
5960,-0.006195,0.042645999999999996,-0.003303
5961,-0.0073,0.038370999999999995,0.000968
5962,-0.004124,0.037278,0.005265
5963,-0.004143,0.034078,0.006337
5964,0.00011499999999999999,0.032993,0.007436
5965,0.002258,0.034055,0.006381
5966,0.002258,0.032994,0.005315
5967,0.002263,0.031938,0.00318
5968,0.002282,0.035138,0.002107
5969,0.00122,0.036206999999999996,0.0020989999999999997
5970,-0.0009279999999999999,0.036201,0.005288
5971,-0.0030859999999999998,0.033005,0.0074140000000000005
5972,-0.000933,0.035136,0.0052899999999999996
5973,0.0033299999999999996,0.036177999999999995,0.0074540000000000006
5974,0.0032869999999999996,0.027652,0.008533
5975,0.004325,0.024439,0.011748999999999999
5976,0.0064730000000000005,0.027627999999999996,0.01176
5977,0.008602,0.027616,0.012843
5978,0.009683,0.031869,0.013914
5979,0.007573000000000001,0.031898,0.008558
5980,0.004382,0.029795,0.004265
5981,0.0033200000000000005,0.031925,0.005323
5982,0.002234,0.031912,0.009589
5983,-0.0020329999999999997,0.028744,0.006358
5984,-0.000942,0.031945,0.004225
5985,-0.001995,0.037266,0.0063479999999999995
5986,-0.0009279999999999999,0.036201,0.005288
5987,0.000134,0.034071,0.004229999999999999
5988,0.001201,0.035129,0.005304
5989,0.002273,0.03619,0.005311
5990,0.001196,0.034063,0.005306
5991,0.001191,0.034059,0.006374
5992,0.002254,0.03299,0.006383
5993,-0.0009369999999999999,0.034071,0.005291
5994,0.00011,0.031928,0.007437
5995,0.00011999999999999999,0.034059,0.007435
5996,-0.0020039999999999997,0.034075,0.0052829999999999995
5997,0.000139,0.037259,0.006363000000000001
5998,0.001206,0.035133,0.004236
5999,0.000144,0.035141000000000006,0.0031609999999999997
6000,-0.0009130000000000001,0.036213999999999996,0.002084
6001,0.000153,0.037271,0.0031579999999999998
6002,-0.0019850000000000002,0.037275,0.004211
6003,-0.001956,0.040483,0.001003
6004,-0.003023,0.040487,0.000995
6005,0.001182,0.031929,0.006377000000000001
6006,0.00011999999999999999,0.032998,0.006368
6007,0.003311,0.031917,0.00746
6008,0.004382,0.034039,0.008533
6009,0.0033350000000000003,0.036182,0.006386
6010,0.0033350000000000003,0.035121,0.005319
6011,0.000149,0.035144999999999996,0.002092
6012,0.002273,0.03619,0.005311
6013,0.001196,0.033002,0.004239
6014,-0.002009,0.033009,0.005285
6015,-0.001995,0.035144,0.004214
6016,-0.002,0.036201,0.0063490000000000005
6017,-0.0009279999999999999,0.036201,0.005288
6018,-0.001995,0.035144,0.004214
6019,-0.0009130000000000001,0.038336,0.004217
6020,0.001206,0.036194,0.005303
6021,0.0012109999999999998,0.037259,0.005302
6022,0.000149,0.036206,0.003159
6023,0.000149,0.037267,0.004226
6024,0.002268,0.035125,0.005312
6025,0.000129,0.034067,0.005298
6026,0.001187,0.032994,0.006375
6027,-0.000933,0.034075,0.004222999999999999
6028,0.000134,0.036193,0.006364
6029,-0.000918,0.038332,0.005286
6030,0.001225,0.039394,0.004231
6031,-0.000904,0.039406000000000004,0.003148
6032,0.000168,0.039406000000000004,0.0020870000000000003
6033,-0.006253,0.03729,0.004181
6034,-0.005152,0.040499,-8.8e-05
6035,0.001254,0.042602999999999995,0.0010220000000000001
6036,0.0033159999999999995,0.034043000000000004,0.008525
6037,0.001187,0.032994,0.006375
6038,0.001187,0.032994,0.006375
6039,0.004386999999999999,0.035105000000000004,0.008531
6040,0.004406,0.037244,0.006392
6041,0.001215,0.037263,0.004234
6042,-0.0019760000000000003,0.037283,0.002075
6043,0.00122,0.038329,0.004232
6044,-0.003052,0.037278,0.004204
6045,-0.004128,0.035151999999999996,0.0041990000000000005
6046,-0.003038,0.038352,0.002066
6047,-0.001961,0.040479,0.002071
6048,0.000149,0.036206,0.003159
6049,0.00016299999999999998,0.038341,0.002088
6050,-0.000909,0.03834,0.003149
6051,0.00122,0.038329,0.004232
6052,0.001215,0.038324000000000004,0.0053
6053,-0.0019760000000000003,0.039405,0.004209
6054,-0.003052,0.038339,0.0052710000000000005
6055,0.000139,0.036198,0.005296
6056,-0.0009279999999999999,0.03514,0.004221
6057,-0.000933,0.035136,0.0052899999999999996
6058,-0.00199,0.035148,0.003146
6059,0.000153,0.038332,0.004225
6060,-0.000909,0.039401,0.004215999999999999
6061,-0.001971,0.04047,0.004207
6062,-0.001971,0.039409,0.00314
6063,-0.000889,0.041541,0.002077
6064,-0.004118999999999999,0.039404,0.00633
6065,-0.005181,0.038350999999999996,0.004188
6066,0.000197,0.043676,-5.5e-05
6067,0.001201,0.035129,0.005304
6068,0.00011999999999999999,0.032998,0.006368
6069,0.000125,0.033002,0.0053
6070,0.0033350000000000003,0.037243,0.007453
6071,0.0033299999999999996,0.037239,0.008520999999999999
6072,0.0033439999999999998,0.037252,0.0053170000000000005
6073,0.00016299999999999998,0.039402,0.0031550000000000003
6074,0.00016299999999999998,0.039402,0.0031550000000000003
6075,-0.0009279999999999999,0.036201,0.005288
6076,-0.0051909999999999994,0.036220999999999996,0.00419
6077,-0.005162,0.04049,0.002049
6078,-0.0030329999999999997,0.040478,0.0031320000000000002
6079,0.001225,0.038333,0.003164
6080,-0.000904,0.038345,0.002081
6081,-0.003038,0.039413,0.003133
6082,-0.00198,0.039401,0.0052770000000000004
6083,0.00015800000000000002,0.040458999999999995,0.0052899999999999996
6084,-0.001971,0.039409,0.00314
6085,-0.003042,0.037287,0.0020670000000000003
6086,-0.00198,0.03834,0.00421
6087,-0.0019850000000000002,0.037275,0.004211
6088,-0.000918,0.03621,0.003152
6089,-0.000923,0.036206,0.004220000000000001
6090,-0.0019850000000000002,0.037275,0.004211
6091,-0.000904,0.039406000000000004,0.003148
6092,-0.0030329999999999997,0.040478,0.0031320000000000002
6093,-0.000909,0.039401,0.004215999999999999
6094,-0.000904,0.039406000000000004,0.003148
6095,-0.0030280000000000003,0.040483,0.0020629999999999997
6096,-0.00198,0.039401,0.0052770000000000004
6097,-0.005181,0.038350999999999996,0.004188
6098,0.0012490000000000001,0.041537,0.001024
6099,0.003368,0.040456,0.003176
6100,0.00011499999999999999,0.031932,0.006369
6101,-0.000933,0.035136,0.0052899999999999996
6102,-0.0009369999999999999,0.035132,0.006358
6103,0.001206,0.039376999999999995,0.008504000000000001
6104,0.002282,0.039382,0.006375
6105,-0.003018,0.040491,-7.3e-05
6106,-0.00088,0.041549,-5.9e-05
6107,0.000173,0.043655,0.005286
6108,-0.0041,0.040482,0.003124
6109,-0.009424,0.040508999999999996,0.00095
6110,-0.005143,0.04369,0.000976
6111,-0.005152,0.044743,0.00418
6112,-0.004085,0.042617,0.002053
6113,-0.005143,0.04369,0.000976
6114,-0.005138,0.045816,0.002042
6115,-0.006205,0.044759,0.000968
6116,-0.002994,0.046879000000000004,0.000987
6117,-0.005118999999999999,0.047956,-9.7e-05
6118,-0.001947,0.042614,0.001
6119,-0.003018,0.042613,0.002061
6120,-0.003009,0.043683,0.000991
6121,-0.007281,0.041571,-0.00010400000000000001
6122,-0.005143,0.042629,-9.1e-05
6123,-0.004085,0.043677999999999995,0.00312
6124,-0.003009,0.045805,0.003125
6125,-0.005138,0.045816,0.002042
6126,-0.005128,0.044764,-0.001161
6127,-0.005128,0.045825,-9.499999999999999e-05
6128,-0.00619,0.046894,-0.000103
6129,-0.0094,0.045836,0.000944
6130,-0.00941,0.043705,0.0009460000000000001
6131,-0.008329000000000001,0.045836,-0.000117
6132,-0.0019039999999999999,0.050079000000000005,-0.001146
6133,0.00018700000000000002,0.043667000000000004,0.002082
6134,-0.0041140000000000005,0.038347000000000006,0.004195
6135,-0.0030329999999999997,0.039417,0.002065
6136,-0.0030329999999999997,0.040478,0.0031320000000000002
6137,-0.0008990000000000001,0.042593,0.00528
6138,-0.001961,0.04154,0.0031379999999999997
6139,-0.004071,0.04263,-0.001151
6140,-0.004071,0.041569,-0.002218
6141,-0.00088,0.039427,-0.002193
6142,-0.001952,0.039427,-0.001132
6143,-0.005152,0.038377,-0.002222
6144,-0.005157,0.038372,-0.001153
6145,-0.0073,0.03731,-9.9e-05
6146,-0.005186,0.036225,0.0031219999999999998
6147,-0.0041329999999999995,0.035147000000000005,0.005267
6148,-0.0009279999999999999,0.036201,0.005288
6149,0.0012109999999999998,0.036198,0.004235
6150,0.002287,0.037264,0.003173
6151,-0.000918,0.034088,0.001018
6152,0.000149,0.035144999999999996,0.002092
6153,0.000144,0.036202,0.004228
6154,-0.0019850000000000002,0.036213999999999996,0.003144
6155,-0.003057,0.035151999999999996,0.0031379999999999997
6156,-0.0009279999999999999,0.036201,0.005288
6157,-0.001995,0.036205,0.005281
6158,0.001215,0.038324000000000004,0.0053
6159,-0.000918,0.03621,0.003152
6160,0.001215,0.037263,0.004234
6161,-0.003047,0.037283,0.003136
6162,-0.00198,0.037279,0.003143
6163,-0.002,0.036201,0.0063490000000000005
6164,0.00015800000000000002,0.038337,0.003157
6165,0.000149,0.036206,0.003159
6166,0.0043630000000000006,0.026595,0.005338
6167,0.0033060000000000003,0.031913,0.008528
6168,0.0033159999999999995,0.032982,0.007458
6169,0.004372999999999999,0.034031,0.010669
6170,0.006516,0.035093,0.009615
6171,0.004392,0.034048,0.006396
6172,0.002254,0.034051,0.00745
6173,0.003325,0.034052,0.006389
6174,0.0022440000000000003,0.031921,0.007451999999999999
6175,-0.0009519999999999999,0.030875,0.005295
6176,0.000134,0.036193,0.006364
6177,-0.000933,0.038319,0.008490000000000001
6178,-0.0009279999999999999,0.037262,0.0063549999999999995
6179,0.000149,0.038327999999999994,0.005293
6180,-0.000933,0.035136,0.0052899999999999996
6181,0.0012109999999999998,0.037259,0.005302
6182,0.002273,0.03619,0.005311
6183,0.000149,0.037267,0.004226
6184,0.000144,0.036202,0.004228
6185,-0.000933,0.035136,0.0052899999999999996
6186,0.001191,0.034059,0.006374
6187,0.001191,0.03512,0.007441
6188,0.000125,0.034063,0.006367
6189,-0.0009369999999999999,0.035132,0.006358
6190,0.000139,0.036198,0.005296
6191,-0.0009279999999999999,0.037262,0.0063549999999999995
6192,-0.000923,0.036206,0.004220000000000001
6193,-0.003047,0.037283,0.003136
6194,-0.0030329999999999997,0.039417,0.002065
6195,-0.001971,0.039409,0.00314
6196,-0.003047,0.037283,0.003136
6197,0.001254,0.042602999999999995,0.0010220000000000001
6198,0.000168,0.039406000000000004,0.0020870000000000003
6199,-0.000942,0.033006,0.005292
6200,-0.000947,0.034062,0.007427
6201,-0.000942,0.035128,0.007426
6202,0.004406,0.038305,0.007459
6203,0.002273,0.03619,0.005311
6204,0.00122,0.036206999999999996,0.0020989999999999997
6205,0.00015800000000000002,0.037276,0.00209
6206,0.002278,0.035133,0.003176
6207,0.000129,0.034067,0.005298
6208,-0.002,0.03514,0.005282
6209,-0.005195,0.036216000000000005,0.005258
6210,-0.000923,0.037267,0.005287
6211,-0.000918,0.038332,0.005286
6212,-0.004124,0.036217,0.0041979999999999995
6213,-0.003047,0.037283,0.003136
6214,0.001215,0.037263,0.004234
6215,0.00122,0.037268,0.003165
6216,-0.001971,0.039409,0.00314
6217,-0.000904,0.039406000000000004,0.003148
6218,-0.00198,0.036218,0.002076
6219,-0.0009279999999999999,0.033018,0.002088
6220,-0.000933,0.034075,0.004222999999999999
6221,0.000134,0.034071,0.004229999999999999
6222,-0.0009279999999999999,0.036201,0.005288
6223,0.000139,0.035137,0.004229
6224,0.002273,0.03619,0.005311
6225,-0.0009369999999999999,0.035132,0.006358
6226,-0.000933,0.035136,0.0052899999999999996
6227,0.002273,0.037251,0.006377000000000001
6228,-0.002,0.037262,0.007416
6229,-0.003076,0.035135,0.007411
6230,0.002306,0.040464,0.002101
6231,0.004411,0.036187000000000004,0.004257
6232,0.0033159999999999995,0.031921,0.006392
6233,0.0033060000000000003,0.031913,0.008528
6234,0.004378,0.031913,0.0074670000000000005
6235,0.004372999999999999,0.034031,0.010669
6236,0.0033159999999999995,0.034043000000000004,0.008525
6237,0.001201,0.035129,0.005304
6238,0.001215,0.038324000000000004,0.0053
6239,0.000134,0.036193,0.006364
6240,-0.000923,0.036206,0.004220000000000001
6241,-0.003076,0.033013,0.0052770000000000004
6242,-0.004118999999999999,0.037282,0.004196
6243,-0.00198,0.03834,0.00421
6244,0.00015800000000000002,0.039398,0.004224
6245,-0.0030329999999999997,0.039417,0.002065
6246,-0.003038,0.038352,0.002066
6247,0.00015800000000000002,0.039398,0.004224
6248,-0.0019760000000000003,0.038344,0.0031420000000000003
6249,-0.003038,0.038352,0.002066
6250,-0.0008990000000000001,0.03941,0.0020800000000000003
6251,-0.0008990000000000001,0.03941,0.0020800000000000003
6252,-0.00198,0.037279,0.003143
6253,-0.0009130000000000001,0.037275,0.003151
6254,-0.004118999999999999,0.037282,0.004196
6255,-0.000918,0.037271,0.004219
6256,0.000149,0.037267,0.004226
6257,-0.000918,0.038332,0.005286
6258,0.000153,0.037271,0.0031579999999999998
6259,-0.0019760000000000003,0.038344,0.0031420000000000003
6260,-0.0009130000000000001,0.037275,0.003151
6261,-0.000909,0.03834,0.003149
6262,-0.001961,0.042601,0.0042049999999999995
6263,-0.010482,0.045827,0.004141
6264,-0.014696,0.052253999999999995,-0.0012380000000000002
6265,-0.007176,0.058641,-0.006534999999999999
6266,0.001297,0.050068,-0.001123
6267,0.000177,0.043658999999999996,0.004218
6268,-0.0008849999999999999,0.043667000000000004,0.003143
6269,-0.000904,0.039406000000000004,0.003148
6270,0.001235,0.041525,0.004228
6271,-0.001961,0.04154,0.0031379999999999997
6272,-0.003009,0.045805,0.003125
6273,-0.004085,0.044739,0.004187
6274,-0.0030280000000000003,0.041544,0.00313
6275,-0.0041,0.041543000000000004,0.004190999999999999
6276,-0.0073,0.041554,0.004169
6277,-0.009391,0.046905,-0.000126
6278,-0.006195,0.04689,0.000965
6279,-0.005123,0.045829,-0.001163
6280,-0.007252,0.045841,-0.002246
6281,-0.005118999999999999,0.046895,-0.001164
6282,-0.004076,0.042625,-8.3e-05
6283,-0.003009,0.042622,-7.6e-05
6284,-0.003014,0.041556,-7.4e-05
6285,-0.001947,0.041553,-6.7e-05
6286,-0.0019850000000000002,0.037275,0.004211
6287,-0.001966,0.041536000000000003,0.0042060000000000005
6288,-0.0030329999999999997,0.041539,0.0041979999999999995
6289,-0.005162,0.041551,0.0031149999999999997
6290,-0.003023,0.041548,0.002062
6291,-0.0030280000000000003,0.040483,0.0020629999999999997
6292,-0.003018,0.040491,-7.3e-05
6293,-0.00088,0.040487999999999996,-0.001126
6294,-0.000889,0.039419,-5.6999999999999996e-05
6295,-0.0008990000000000001,0.040471,0.003147
6296,-0.004109000000000001,0.038352,0.003127
6297,-0.001961,0.040479,0.002071
6298,-0.0051909999999999994,0.036220999999999996,0.00419
6299,-0.003047,0.037283,0.003136
6300,0.003378,0.040465,0.0010400000000000001
6301,0.0033299999999999996,0.032995,0.004254
6302,0.002225,0.02766,0.007458
6303,0.0075780000000000005,0.031902,0.007490000000000001
6304,0.005435,0.03084,0.008544
6305,0.007573000000000001,0.035081,0.011758
6306,0.002258,0.032994,0.005315
6307,0.002278,0.035133,0.003176
6308,0.000144,0.036202,0.004228
6309,0.000134,0.035132,0.005297
6310,-0.003057,0.036213,0.0042049999999999995
6311,-0.004109000000000001,0.03623,0.000993
6312,-0.0030329999999999997,0.037295,-6.9e-05
6313,-0.001952,0.040487999999999996,-6.6e-05
6314,-0.004085,0.039434,-0.001147
6315,-0.001961,0.039418,0.001004
6316,-0.000918,0.03621,0.003152
6317,0.002278,0.036194,0.004242
6318,0.002268,0.035125,0.005312
6319,-0.000918,0.03621,0.003152
6320,-0.003057,0.035151999999999996,0.0031379999999999997
6321,-0.00199,0.036209,0.004213000000000001
6322,-0.003052,0.037278,0.004204
6323,-0.005171,0.039421,0.003118
6324,-0.004109000000000001,0.038352,0.003127
6325,-0.001966,0.039414,0.002072
6326,-0.0030280000000000003,0.040483,0.0020629999999999997
6327,-0.007271,0.04158,-0.002241
6328,-0.006214,0.038385,-0.003297
6329,-0.0041,0.035177,-0.00221
6330,-0.005162,0.036246,-0.002219
6331,-0.001952,0.040487999999999996,-6.6e-05
6332,0.000153,0.038332,0.004225
6333,-0.003042,0.039409,0.004201
6334,-0.000889,0.041541,0.002077
6335,0.006559000000000001,0.038314,0.003201
6336,0.005406,0.025509,0.009618999999999999
6337,0.002225,0.029782,0.009590999999999999
6338,0.00221,0.029769,0.012796
6339,0.004359,0.032957,0.012806999999999999
6340,0.006511,0.035088999999999995,0.010683
6341,0.005464,0.036170999999999995,0.007469
6342,0.0044020000000000005,0.034057,0.00426
6343,0.006534999999999999,0.03511,0.005342
6344,0.0012109999999999998,0.037259,0.005302
6345,0.000134,0.034071,0.004229999999999999
6346,-0.002014,0.033005,0.006353
6347,0.001196,0.036185,0.00744
6348,-0.000947,0.036184,0.009561
6349,-0.002009,0.034069999999999996,0.006352
6350,0.001191,0.034059,0.006374
6351,0.0033159999999999995,0.032982,0.007458
6352,0.001182,0.031929,0.006377000000000001
6353,0.002254,0.034051,0.00745
6354,0.001196,0.033002,0.004239
6355,0.002258,0.034055,0.006381
6356,0.001191,0.032998,0.005307
6357,-0.001995,0.036205,0.005281
6358,-0.0020039999999999997,0.034075,0.0052829999999999995
6359,0.000129,0.035128,0.006365
6360,0.000139,0.036198,0.005296
6361,-0.000923,0.037267,0.005287
6362,-0.003047,0.038344,0.004202
6363,-0.0019760000000000003,0.039405,0.004209
6364,-0.0009130000000000001,0.037275,0.003151
6365,-0.001966,0.039414,0.002072
6366,-0.0030280000000000003,0.040483,0.0020629999999999997
6367,-0.001971,0.038348,0.002074
6368,-0.004124,0.036217,0.0041979999999999995
6369,-0.001947,0.043675,0.0020670000000000003
6370,0.001225,0.039394,0.004231
6371,0.00011999999999999999,0.034059,0.007435
6372,-0.0020039999999999997,0.034075,0.0052829999999999995
6373,0.002254,0.031929,0.0053159999999999995
6374,0.005459,0.034044,0.006404000000000001
6375,0.003325,0.034052,0.006389
6376,0.00122,0.039389999999999994,0.005299
6377,-0.0019760000000000003,0.037283,0.002075
6378,0.000149,0.036206,0.003159
6379,-0.003052,0.036217,0.003137
6380,-0.0019850000000000002,0.037275,0.004211
6381,-0.004109000000000001,0.038352,0.003127
6382,0.000177,0.041537,0.002084
6383,-0.0019760000000000003,0.038344,0.0031420000000000003
6384,-0.000909,0.03834,0.003149
6385,-0.000918,0.037271,0.004219
6386,0.001215,0.037263,0.004234
6387,0.000134,0.036193,0.006364
6388,0.000149,0.038327999999999994,0.005293
6389,0.000144,0.037263,0.005294
6390,0.000134,0.035132,0.005297
6391,0.001206,0.036194,0.005303
6392,-0.000933,0.036197,0.0063560000000000005
6393,0.000129,0.034067,0.005298
6394,0.001206,0.036194,0.005303
6395,0.001215,0.037263,0.004234
6396,-0.000909,0.03834,0.003149
6397,-0.000918,0.037271,0.004219
6398,0.000153,0.038332,0.004225
6399,0.000149,0.038327999999999994,0.005293
6400,-0.000918,0.037271,0.004219
6401,0.000149,0.038327999999999994,0.005293
6402,0.000134,0.037254,0.007431
6403,-0.003052,0.038339,0.0052710000000000005
6404,0.001254,0.042602999999999995,0.0010220000000000001
6405,0.0033539999999999998,0.038321,0.004247
6406,0.004368,0.029782999999999997,0.00747
6407,0.000129,0.036189,0.007431999999999999
6408,0.001215,0.038324000000000004,0.0053
6409,0.002278,0.0415,0.009577
6410,-0.000918,0.038332,0.005286
6411,-0.0030329999999999997,0.037295,-6.9e-05
6412,-0.004085,0.038373000000000004,-0.0022140000000000003
6413,-0.001956,0.039422000000000006,-6.4e-05
6414,-0.003018,0.042613,0.002061
6415,-0.007276,0.044759,0.0020280000000000003
6416,-0.006195,0.045829,-0.000102
6417,-0.004079999999999999,0.040499,-0.001149
6418,-0.001947,0.040492,-0.001134
6419,-0.004109000000000001,0.035169,-7.4e-05
6420,-0.0041140000000000005,0.038347000000000006,0.004195
6421,0.000144,0.037263,0.005294
6422,0.002287,0.039386000000000004,0.005307
6423,-0.0019850000000000002,0.037275,0.004211
6424,-0.000904,0.038345,0.002081
6425,0.000149,0.036206,0.003159
6426,-0.000918,0.03621,0.003152
6427,-0.00198,0.037279,0.003143
6428,-0.0019760000000000003,0.038344,0.0031420000000000003
6429,-0.0009130000000000001,0.037275,0.003151
6430,-0.0009130000000000001,0.038336,0.004217
6431,-0.00198,0.03834,0.00421
6432,0.00122,0.039389999999999994,0.005299
6433,0.001215,0.036202,0.003167
6434,0.00122,0.038329,0.004232
6435,0.000125,0.033002,0.0053
6436,0.000149,0.038327999999999994,0.005293
6437,0.002282,0.038321,0.005308
6438,-0.000933,0.037258,0.007423000000000001
6439,-0.003042,0.039409,0.004201
6440,0.002325,0.044725,0.002095
6441,0.0033490000000000004,0.037256,0.004249
6442,0.001187,0.034055,0.007442
6443,0.001206,0.037255,0.006370000000000001
6444,0.001201,0.035129,0.005304
6445,0.0033299999999999996,0.036177999999999995,0.0074540000000000006
6446,0.002273,0.037251,0.006377000000000001
6447,-0.0009130000000000001,0.038336,0.004217
6448,-0.003014,0.041556,-7.4e-05
6449,-0.001947,0.043675,0.0020670000000000003
6450,-0.004076,0.043686,0.000984
6451,-0.006224,0.041559,0.0020399999999999997
6452,-0.005143,0.045812,0.0031100000000000004
6453,-0.005138,0.045816,0.002042
6454,-0.005143,0.04369,0.000976
6455,-0.0072569999999999996,0.044775999999999996,-0.002245
6456,-0.006205,0.044759,0.000968
6457,-0.004061,0.045821,-8.7e-05
6458,-0.004065999999999999,0.043695,-0.001153
6459,-0.005123,0.045829,-0.001163
6460,-0.0062,0.044763,-0.000101
6461,-0.004071,0.04263,-0.001151
6462,-0.005143,0.042629,-9.1e-05
6463,-0.0062,0.043702,-0.001168
6464,-0.007267,0.043706,-0.001175
6465,-0.005138,0.044755,0.000975
6466,-0.006205,0.044759,0.000968
6467,-0.006181,0.047964,-0.001173
6468,-0.007252,0.046902,-0.001179
6469,-0.004033,0.047969,-0.0043630000000000006
6470,-0.005118999999999999,0.045834,-0.002231
6471,-0.008314,0.04691,-0.002255
6472,-0.009376,0.050101,-0.00013000000000000002
6473,-0.013649000000000001,0.051173,0.0019760000000000003
6474,-0.009391,0.049027,0.002008
6475,-0.0072239999999999995,0.052233,-0.002254
6476,-0.0030039999999999997,0.044748,0.00099
6477,-0.005167000000000001,0.041547,0.004184
6478,-0.005162,0.044733999999999996,0.0063159999999999996
6479,0.00016299999999999998,0.041524,0.005289
6480,0.001239,0.043651,0.005294
6481,0.001235,0.040464,0.0031609999999999997
6482,0.00018700000000000002,0.041545,-5.2000000000000004e-05
6483,-0.003018,0.041552,0.0009939999999999999
6484,-0.001961,0.040479,0.002071
6485,-0.0040950000000000005,0.041547,0.003123
6486,-0.006219,0.041563,0.0009720000000000001
6487,-0.005143,0.04369,0.000976
6488,-0.006209,0.043694,0.0009689999999999999
6489,-0.006195,0.044768,-0.001169
6490,-0.004065999999999999,0.044756,-8.6e-05
6491,-0.005128,0.046886000000000004,0.0009720000000000001
6492,-0.005109000000000001,0.049025,-0.001167
6493,-0.008286,0.052240999999999996,-0.003329
6494,-0.008281,0.05224500000000001,-0.004398
6495,-0.008286,0.052240999999999996,-0.003329
6496,-0.010419,0.052248,-0.0033439999999999998
6497,-0.011481,0.053316999999999996,-0.003353
6498,-0.007204,0.053311000000000004,-0.0054600000000000004
6499,-0.008276,0.05331,-0.004399
6500,-0.008276,0.054371,-0.003332
6501,-0.009337999999999999,0.054379,-0.004408
6502,-0.010415,0.052252,-0.004413
6503,-0.011486,0.052252,-0.0033520000000000004
6504,-0.010415,0.052252,-0.004413
6505,-0.008295,0.051171,-0.0022600000000000003
6506,-0.007243,0.046911,-0.003315
6507,-0.004009,0.052234,-0.005436
6508,-0.009356999999999999,0.052239999999999995,-0.002269
6509,-0.01151,0.047986,-0.002278
6510,-0.009352,0.053305,-0.00227
6511,-0.0040420000000000005,0.049020999999999995,-0.001159
6512,-0.0008460000000000001,0.047945,-0.0011359999999999999
6513,-0.0019079999999999998,0.047952999999999996,-0.002211
6514,-0.005128,0.044764,-0.001161
6515,-0.007248,0.045845,-0.003314
6516,-0.00619,0.045833,-0.00117
6517,-0.008314,0.047971,-0.001188
6518,-0.008329000000000001,0.044775,-0.001184
6519,-0.006181,0.044781,-0.004372999999999999
6520,-0.007248,0.045845,-0.003314
6521,-0.005118999999999999,0.045834,-0.002231
6522,-0.007248,0.046906,-0.002247
6523,-0.006195,0.045829,-0.000102
6524,-0.005138,0.043694,-9.2e-05
6525,-0.001956,0.040483,0.001003
6526,-0.0019760000000000003,0.037283,0.002075
6527,-0.003047,0.036222000000000004,0.002069
6528,0.000149,0.036206,0.003159
6529,-0.0009279999999999999,0.03514,0.004221
6530,0.003325,0.03193,0.004255
6531,0.005435,0.028718,0.006409999999999999
6532,0.009683,0.025503,0.007513
6533,0.008588,0.021237,0.009647
6534,0.0054009999999999996,0.025505,0.010687
6535,0.005411,0.026575,0.009618000000000002
6536,0.002196,0.025512,0.011733
6537,0.006468000000000001,0.02444,0.009628
6538,0.009683,0.026563999999999997,0.008579
6539,0.006411,0.015901,0.013911000000000001
6540,0.005353,0.020156999999999998,0.016035
6541,0.00644,0.023354,0.014969999999999999
6542,0.008612,0.027624,0.010707
6543,0.007568999999999999,0.030832,0.008559
6544,0.004372999999999999,0.028725999999999998,0.005335
6545,0.004372999999999999,0.028725999999999998,0.005335
6546,0.0032920000000000002,0.027656,0.007465
6547,0.0032869999999999996,0.028713,0.0096
6548,0.0011480000000000001,0.026594,0.00852
6549,9.1e-05,0.026606,0.006376
6550,0.001168,0.027672000000000002,0.005314
6551,0.000101,0.028737000000000002,0.006372999999999999
6552,0.00011,0.030867000000000002,0.006371
6553,0.0011769999999999999,0.030862999999999998,0.006378
6554,0.002239,0.031916,0.008520999999999999
6555,0.0022489999999999997,0.030864,0.0053170000000000005
6556,0.001191,0.032998,0.005307
6557,0.0011769999999999999,0.028741000000000003,0.0042439999999999995
6558,0.0032920000000000002,0.026595,0.006398
6559,0.00223,0.028725,0.007456
6560,0.001168,0.030855,0.008514
6561,0.0022440000000000003,0.030860000000000002,0.006385
6562,0.0033009999999999997,0.030847000000000003,0.008529
6563,0.005425,0.028709,0.008546999999999999
6564,0.0011769999999999999,0.030862999999999998,0.006378
6565,0.0022440000000000003,0.030860000000000002,0.006385
6566,0.0011769999999999999,0.032985,0.008512
6567,-0.0009570000000000001,0.030871,0.006363000000000001
6568,0.005493,0.039379000000000004,0.004261
6569,0.0033009999999999997,0.028725,0.006396
6570,0.004344,0.026577999999999997,0.009609999999999999
6571,0.007534999999999999,0.025498,0.010702
6572,0.008597,0.025490000000000002,0.011778
6573,0.008607,0.02762,0.011775
6574,0.0043630000000000006,0.029778,0.008537999999999999
6575,0.004386999999999999,0.032983,0.006398
6576,0.0033060000000000003,0.030851999999999997,0.007461
6577,0.002234,0.029789999999999997,0.007455
6578,0.002234,0.029789999999999997,0.007455
6579,-0.0009660000000000001,0.029800999999999998,0.0074329999999999995
6580,-0.002009,0.034069999999999996,0.006352
6581,-0.000918,0.03621,0.003152
6582,-0.003052,0.036217,0.003137
6583,-0.0019850000000000002,0.037275,0.004211
6584,-0.000918,0.03621,0.003152
6585,0.000129,0.033006,0.004231
6586,0.001191,0.030876,0.003173
6587,0.002258,0.032994,0.005315
6588,0.001196,0.033002,0.004239
6589,0.001196,0.034063,0.005306
6590,0.000125,0.033002,0.0053
6591,0.001182,0.031929,0.006377000000000001
6592,0.000105,0.030862999999999998,0.007439
6593,0.0033200000000000005,0.034047,0.007456999999999999
6594,0.004392,0.032987,0.00533
6595,0.001196,0.033002,0.004239
6596,-0.000918,0.03621,0.003152
6597,0.000149,0.037267,0.004226
6598,-0.003047,0.036222000000000004,0.002069
6599,-0.004109000000000001,0.038352,0.003127
6600,-0.001947,0.042614,0.001
6601,0.00011999999999999999,0.034059,0.007435
6602,0.001182,0.030868,0.0053100000000000005
6603,0.0054399999999999995,0.027661,0.004275
6604,0.008621,0.027632999999999998,0.008570999999999999
6605,0.006487000000000001,0.030823000000000003,0.011756
6606,0.004382,0.036161,0.010666
6607,0.002263,0.036182,0.007447
6608,0.0054399999999999995,0.029782999999999997,0.006409000000000001
6609,0.006492,0.029767000000000002,0.009621
6610,0.0032920000000000002,0.030839,0.010666
6611,9.6e-05,0.030854000000000003,0.009575
6612,-0.000942,0.035128,0.007426
6613,0.0012109999999999998,0.037259,0.005302
6614,-0.0008990000000000001,0.041532,0.004213000000000001
6615,-0.0030280000000000003,0.040483,0.0020629999999999997
6616,-0.0030329999999999997,0.039417,0.002065
6617,0.000153,0.037271,0.0031579999999999998
6618,0.000149,0.035144999999999996,0.002092
6619,-0.000918,0.035149,0.002085
6620,-0.0009279999999999999,0.03514,0.004221
6621,0.002268,0.036186,0.006379
6622,0.00011999999999999999,0.034059,0.007435
6623,0.00011,0.032989,0.008504000000000001
6624,0.003311,0.032978,0.008527
6625,0.001182,0.034051,0.00851
6626,0.002263,0.035121,0.006379999999999999
6627,0.0012109999999999998,0.03832,0.006369
6628,0.000139,0.037259,0.006363000000000001
6629,-0.00199,0.036209,0.004213000000000001
6630,0.000153,0.037271,0.0031579999999999998
6631,-0.0008939999999999999,0.041536000000000003,0.003145
6632,-0.0009130000000000001,0.038336,0.004217
6633,-0.004118999999999999,0.038343,0.005263
6634,-0.0019370000000000001,0.044744,0.000997
6635,-0.000889,0.041541,0.002077
6636,0.000134,0.036193,0.006364
6637,0.000139,0.037259,0.006363000000000001
6638,-0.0009369999999999999,0.035132,0.006358
6639,0.001206,0.037255,0.006370000000000001
6640,0.002282,0.038321,0.005308
6641,-0.0019760000000000003,0.038344,0.0031420000000000003
6642,-0.000904,0.038345,0.002081
6643,-0.0019760000000000003,0.038344,0.0031420000000000003
6644,-0.00198,0.039401,0.0052770000000000004
6645,-0.003047,0.038344,0.004202
6646,-0.005171,0.039421,0.003118
6647,-0.003038,0.040474,0.0042
6648,0.000168,0.040467,0.003154
6649,-0.001961,0.039418,0.001004
6650,-0.001966,0.040475,0.003139
6651,-0.001971,0.04047,0.004207
6652,0.00015800000000000002,0.038337,0.003157
6653,0.001225,0.038333,0.003164
6654,0.002297,0.040456,0.0042369999999999994
6655,-0.0009130000000000001,0.038336,0.004217
6656,-0.00198,0.03834,0.00421
6657,-0.003052,0.038339,0.0052710000000000005
6658,-0.0019850000000000002,0.036213999999999996,0.003144
6659,0.00016299999999999998,0.03728,0.0010220000000000001
6660,-0.0009130000000000001,0.038336,0.004217
6661,-0.000918,0.038332,0.005286
6662,-0.0019850000000000002,0.038336,0.005278
6663,-0.000923,0.037267,0.005287
6664,0.000153,0.038332,0.004225
6665,-0.000904,0.038345,0.002081
6666,-0.0009130000000000001,0.037275,0.003151
6667,-0.001966,0.038353,0.001005
6668,-0.003038,0.039413,0.003133
6669,-0.0008990000000000001,0.041532,0.004213000000000001
6670,-0.0041140000000000005,0.039408,0.005261999999999999
6671,-0.005167000000000001,0.040486,0.003117
6672,-0.0019370000000000001,0.044744,0.000997
6673,0.0012109999999999998,0.036198,0.004235
6674,0.001201,0.03619,0.006371
6675,0.002278,0.036194,0.004242
6676,0.002254,0.034051,0.00745
6677,0.002263,0.037243,0.008514
6678,0.002273,0.037251,0.006377000000000001
6679,0.001215,0.038324000000000004,0.0053
6680,0.000149,0.037267,0.004226
6681,-0.0009130000000000001,0.038336,0.004217
6682,-0.001966,0.039414,0.002072
6683,-0.005176,0.038355,0.0031190000000000002
6684,-0.006233,0.039429,0.002042
6685,0.000168,0.039406000000000004,0.0020870000000000003
6686,-0.001966,0.040475,0.003139
6687,-0.0019760000000000003,0.038344,0.0031420000000000003
6688,-0.0019760000000000003,0.039405,0.004209
6689,-0.0009130000000000001,0.038336,0.004217
6690,0.00122,0.038329,0.004232
6691,-0.000909,0.037279,0.002082
6692,0.00015800000000000002,0.039398,0.004224
6693,-0.003047,0.038344,0.004202
6694,-0.001971,0.038348,0.002074
6695,-0.00198,0.03834,0.00421
6696,-0.000918,0.037271,0.004219
6697,-0.00198,0.03834,0.00421
6698,0.00015800000000000002,0.038337,0.003157
6699,0.000144,0.036202,0.004228
6700,-0.0019760000000000003,0.038344,0.0031420000000000003
6701,-0.000918,0.037271,0.004219
6702,-0.00198,0.03834,0.00421
6703,-0.000923,0.037267,0.005287
6704,-0.0019760000000000003,0.037283,0.002075
6705,-0.0009130000000000001,0.036213999999999996,0.002084
6706,0.000168,0.039406000000000004,0.0020870000000000003
6707,-0.003023,0.041548,0.002062
6708,-0.003018,0.043674,0.003128
6709,-0.006219,0.044746,0.0041719999999999995
6710,-0.0029850000000000002,0.046887,-0.001149
6711,-0.00299,0.046883,-8.1e-05
6712,-0.001971,0.04047,0.004207
6713,-0.004076,0.042625,-8.3e-05
6714,-0.00409,0.040491,0.0009880000000000002
6715,-0.0008939999999999999,0.042597,0.004212
6716,0.00018700000000000002,0.044728,0.003149
6717,-0.003018,0.042613,0.002061
6718,-0.002999,0.044752,-7.8e-05
6719,-0.004061,0.045821,-8.7e-05
6720,-0.005147,0.043686,0.002045
6721,-0.008338,0.043706,-0.00011399999999999999
6722,-0.008329000000000001,0.045836,-0.000117
6723,-0.005123,0.045829,-0.001163
6724,-0.0051329999999999995,0.04476,-9.300000000000001e-05
6725,-0.007243,0.047972,-0.0022489999999999997
6726,-0.007248,0.046906,-0.002247
6727,-0.004057,0.046887,-8.8e-05
6728,-0.005118999999999999,0.045834,-0.002231
6729,-0.004047,0.047956,-0.001158
6730,-0.007252,0.046902,-0.001179
6731,-0.005128,0.045825,-9.499999999999999e-05
6732,-0.007271,0.043702,-0.00010700000000000001
6733,-0.006209,0.043694,0.0009689999999999999
6734,-0.005143,0.042629,-9.1e-05
6735,-0.006195,0.045829,-0.000102
6736,-0.00299,0.046883,-8.1e-05
6737,-0.005128,0.045825,-9.499999999999999e-05
6738,-0.004065999999999999,0.045817000000000004,0.000981
6739,-0.005128,0.044764,-0.001161
6740,-0.0072569999999999996,0.045837,-0.001178
6741,-0.0062,0.044763,-0.000101
6742,-0.007262,0.045832,-0.000109
6743,-0.0072569999999999996,0.045837,-0.001178
6744,-0.006205,0.043698,-9.9e-05
6745,-0.005138,0.045816,0.002042
6746,-0.007276,0.043698,0.0009609999999999999
6747,-0.004047,0.046895,-0.002225
6748,-0.004037,0.050087,-0.001161
6749,-0.003038,0.038352,0.002066
6750,-0.0041140000000000005,0.038347000000000006,0.004195
6751,-0.0009279999999999999,0.036201,0.005288
6752,0.0033399999999999997,0.037248,0.006385
6753,0.004411,0.037248,0.005324000000000001
6754,0.001191,0.034059,0.006374
6755,0.000134,0.034071,0.004229999999999999
6756,0.003311,0.029795,0.005326
6757,0.003311,0.030856,0.006393
6758,9.1e-05,0.029789,0.009576000000000001
6759,0.00011999999999999999,0.03512,0.008502
6760,0.000139,0.036198,0.005296
6761,0.002278,0.035133,0.003176
6762,0.001196,0.033002,0.004239
6763,-0.000942,0.033006,0.005292
6764,0.0033299999999999996,0.036177999999999995,0.0074540000000000006
6765,0.0033399999999999997,0.036187000000000004,0.005318
6766,0.001215,0.038324000000000004,0.0053
6767,-0.00198,0.037279,0.003143
6768,-0.001995,0.034082999999999995,0.003147
6769,-0.003052,0.034095,0.001003
6770,-0.00199,0.035148,0.003146
6771,-0.0019760000000000003,0.037283,0.002075
6772,-0.0030280000000000003,0.040483,0.0020629999999999997
6773,-0.0030280000000000003,0.039422000000000006,0.000997
6774,-0.003038,0.037291000000000005,0.000999
6775,-0.000923,0.035144999999999996,0.003153
6776,-0.00198,0.036218,0.002076
6777,-0.004109000000000001,0.037291000000000005,0.00206
6778,-0.005181,0.03729,0.003121
6779,-0.006261999999999999,0.035158999999999996,0.004184
6780,-0.000904,0.038345,0.002081
6781,0.0012439999999999999,0.042594,0.003159
6782,0.002254,0.03299,0.006383
6783,0.00011999999999999999,0.032998,0.006368
6784,0.004378,0.030851999999999997,0.0064
6785,0.005435,0.031901,0.009611
6786,0.0033200000000000005,0.035108,0.008524
6787,0.002263,0.036182,0.007447
6788,0.000139,0.034076,0.0031620000000000003
6789,-0.000942,0.033006,0.005292
6790,0.001201,0.037251,0.007437999999999999
6791,-0.000942,0.035128,0.007426
6792,-0.0041329999999999995,0.033025,0.003133
6793,-0.004118999999999999,0.035160000000000004,0.0020629999999999997
6794,-0.00198,0.037279,0.003143
6795,-0.0009130000000000001,0.039397,0.0052840000000000005
6796,-0.003062,0.036209,0.005273
6797,0.0033399999999999997,0.036187000000000004,0.005318
6798,0.0033159999999999995,0.030860000000000002,0.005325
6799,0.0022489999999999997,0.030864,0.0053170000000000005
6800,0.004359,0.028713,0.008539
6801,0.0043630000000000006,0.029778,0.008537999999999999
6802,0.0054210000000000005,0.029766,0.010681999999999999
6803,0.004339,0.027635000000000003,0.011745
6804,0.006462999999999999,0.026558,0.012830000000000001
6805,0.0032770000000000004,0.028704,0.011737000000000001
6806,0.0032920000000000002,0.030839,0.010666
6807,0.00011499999999999999,0.031932,0.006369
6808,0.000134,0.034071,0.004229999999999999
6809,-0.000923,0.036206,0.004220000000000001
6810,-0.0019760000000000003,0.038344,0.0031420000000000003
6811,0.00015800000000000002,0.039398,0.004224
6812,-0.001995,0.036205,0.005281
6813,-0.000923,0.035144999999999996,0.003153
6814,0.0044210000000000005,0.037257,0.003188
6815,0.007559000000000001,0.029763,0.009629
6816,0.0032719999999999997,0.0287,0.012805
6817,0.004344,0.0287,0.011744
6818,0.006478,0.029754000000000003,0.012825999999999999
6819,0.007554000000000001,0.032942,0.013897
6820,0.005449,0.035097,0.009607
6821,0.002268,0.036186,0.006379
6822,0.001225,0.038333,0.003164
6823,0.000168,0.041527999999999995,0.004221
6824,-0.0008990000000000001,0.03941,0.0020800000000000003
6825,-0.006219,0.040501999999999996,-9.499999999999999e-05
6826,-0.006209,0.041572000000000005,-0.001165
6827,-0.004076,0.043686,0.000984
6828,-0.003014,0.043679,0.002059
6829,-0.005162,0.039429,0.000982
6830,-0.0030329999999999997,0.038356,0.000998
6831,-0.00198,0.037279,0.003143
6832,-0.0030329999999999997,0.038356,0.000998
6833,-0.0030280000000000003,0.038361,-7e-05
6834,-0.0030280000000000003,0.038361,-7e-05
6835,-0.003042,0.038348,0.003134
6836,-0.003052,0.0394,0.006338
6837,-0.003052,0.037278,0.004204
6838,-0.0041140000000000005,0.036225,0.002061
6839,-0.004104,0.036233999999999995,-7.5e-05
6840,-0.004109000000000001,0.03623,0.000993
6841,-0.005176,0.037294,0.002052
6842,-0.005147,0.039442000000000005,-0.002223
6843,-0.004071,0.041569,-0.002218
6844,-0.003014,0.042618,0.000993
6845,-0.005181,0.038350999999999996,0.004188
6846,-0.002999,0.043691,-0.001145
6847,0.002349,0.043685,-0.004312
6848,0.004386999999999999,0.031922000000000006,0.005331
6849,0.0032869999999999996,0.030835,0.011734
6850,0.004354,0.031892000000000004,0.012808000000000002
6851,0.007568999999999999,0.035075999999999996,0.012827000000000002
6852,0.008645,0.03402,0.009631
6853,0.010773999999999999,0.031887,0.008579999999999999
6854,0.004382,0.0351,0.0096
6855,0.002268,0.039369,0.009579
6856,0.0044210000000000005,0.04044,0.0063880000000000004
6857,0.001206,0.036194,0.005303
6858,-0.004118999999999999,0.037282,0.004196
6859,-0.0041,0.042604,0.005258
6860,-0.003014,0.045801,0.004193
6861,-0.0051329999999999995,0.04476,-9.300000000000001e-05
6862,-0.007262,0.04371,-0.0022429999999999998
6863,-0.005138,0.041572000000000005,-0.002226
6864,-0.001947,0.043675,0.0020670000000000003
6865,-0.004071,0.044752,0.000982
6866,-0.004057,0.047948000000000005,0.000978
6867,-0.002975,0.049018,-0.001152
6868,-0.006205,0.043698,-9.9e-05
6869,-0.004076,0.042625,-8.3e-05
6870,-0.006224,0.04262,0.003107
6871,-0.005157,0.043677,0.004181
6872,-0.006209,0.044755,0.002036
6873,-0.009386,0.04797,-0.000127
6874,-0.006176,0.049029,-0.001174
6875,-0.005109000000000001,0.046903,-0.0033
6876,-0.007219,0.050115,-0.005456
6877,-0.008286,0.05118,-0.004396
6878,-0.011501,0.049056,-0.003348
6879,-0.010415,0.05013,-0.006546
6880,-0.008256999999999999,0.055449,-0.0065379999999999995
6881,-0.007248,0.049027999999999995,-0.000113
6882,-0.010467,0.044778,-0.00013000000000000002
6883,-0.005147,0.042625,0.000978
6884,-0.001956,0.043666,0.004203
6885,-0.003018,0.044735000000000004,0.004194
6886,-0.001928,0.047936,0.002062
6887,-0.005118999999999999,0.044773,-0.0032979999999999997
6888,-0.0029850000000000002,0.043704,-0.00435
6889,-0.004071,0.04263,-0.001151
6890,-0.007286,0.041567,0.000964
6891,-0.006219,0.041563,0.0009720000000000001
6892,-0.005147,0.043686,0.002045
6893,-0.001947,0.042614,0.001
6894,-0.0030280000000000003,0.039422000000000006,0.000997
6895,-0.001971,0.04047,0.004207
6896,0.00122,0.038329,0.004232
6897,0.00122,0.038329,0.004232
6898,-0.000918,0.03621,0.003152
6899,0.000139,0.037259,0.006363000000000001
6900,0.000144,0.037263,0.005294
6901,0.001206,0.036194,0.005303
6902,0.001206,0.035133,0.004236
6903,0.002273,0.034068,0.003177
6904,0.001201,0.034068,0.0042380000000000004
6905,0.000139,0.036198,0.005296
6906,-0.000923,0.038327999999999994,0.006354
6907,0.001215,0.037263,0.004234
6908,0.000153,0.03621,0.002091
6909,-0.0009130000000000001,0.037275,0.003151
6910,-0.00199,0.039392,0.0074129999999999995
6911,-0.00198,0.03834,0.00421
6912,-0.000889,0.04048,0.00101
6913,-0.001995,0.035144,0.004214
6914,-0.0052,0.034089999999999995,0.004193
6915,-0.003047,0.037283,0.003136
6916,0.000153,0.038332,0.004225
6917,0.00015800000000000002,0.039398,0.004224
6918,-0.0030280000000000003,0.038361,-7e-05
6919,-0.004109000000000001,0.034108,-0.001141
6920,0.000153,0.035149,0.001024
6921,0.000144,0.033019,0.001027
6922,0.00011,0.030867000000000002,0.006371
6923,0.001172,0.029798,0.006379
6924,0.003311,0.031917,0.00746
6925,0.00223,0.030847000000000003,0.009590000000000001
6926,0.0043630000000000006,0.030839,0.009604999999999999
6927,0.004354,0.029769999999999998,0.010674
6928,0.0033060000000000003,0.031913,0.008528
6929,0.005445,0.03297,0.008542000000000001
6930,0.001201,0.037251,0.007437999999999999
6931,0.000153,0.037271,0.0031579999999999998
6932,0.000144,0.035141000000000006,0.0031609999999999997
6933,-0.0009130000000000001,0.037275,0.003151
6934,0.000149,0.036206,0.003159
6935,-0.00199,0.036209,0.004213000000000001
6936,-0.003057,0.036213,0.0042049999999999995
6937,-0.0009130000000000001,0.039397,0.0052840000000000005
6938,-0.000923,0.037267,0.005287
6939,0.001201,0.03619,0.006371
6940,0.000149,0.037267,0.004226
6941,0.000144,0.037263,0.005294
6942,-0.003076,0.035135,0.007411
6943,0.001225,0.037272,0.002097
6944,0.002297,0.039395,0.00317
6945,0.0033009999999999997,0.029786,0.007462000000000001
6946,0.00223,0.029786,0.008523000000000001
6947,0.0043630000000000006,0.029778,0.008537999999999999
6948,0.004368,0.030844,0.008537000000000001
6949,0.002258,0.035116,0.007448000000000001
6950,0.000144,0.037263,0.005294
6951,-0.000923,0.035144999999999996,0.003153
6952,0.0012109999999999998,0.036198,0.004235
6953,0.000144,0.035141000000000006,0.0031609999999999997
6954,-0.0009519999999999999,0.032997000000000005,0.007429000000000001
6955,-0.0020039999999999997,0.034075,0.0052829999999999995
6956,0.000139,0.035137,0.004229
6957,0.002273,0.03619,0.005311
6958,0.000134,0.035132,0.005297
6959,0.001206,0.036194,0.005303
6960,0.001201,0.034068,0.0042380000000000004
6961,0.002263,0.035121,0.006379999999999999
6962,0.00122,0.037268,0.003165
6963,-0.0009130000000000001,0.038336,0.004217
6964,0.000144,0.037263,0.005294
6965,0.000139,0.036198,0.005296
6966,-0.000947,0.033001,0.00636
6967,-0.000947,0.034062,0.007427
6968,-0.002009,0.035131,0.007418999999999999
6969,-0.002,0.036201,0.0063490000000000005
6970,0.001215,0.037263,0.004234
6971,0.0012109999999999998,0.036198,0.004235
6972,0.000168,0.038345,0.0010199999999999999
6973,0.00015800000000000002,0.038337,0.003157
6974,-0.00198,0.039401,0.0052770000000000004
6975,-0.003042,0.039409,0.004201
6976,0.000192,0.043672,0.0010140000000000001
6977,0.004392,0.034048,0.006396
6978,0.0011769999999999999,0.032985,0.008512
6979,0.0011769999999999999,0.031924,0.007445
6980,0.0022489999999999997,0.034047,0.008518000000000001
6981,0.004397,0.036174,0.007462000000000001
6982,0.0044020000000000005,0.037239999999999995,0.007461
6983,0.002282,0.03726,0.004241
6984,0.0012109999999999998,0.036198,0.004235
6985,0.002287,0.037264,0.003173
6986,0.000149,0.037267,0.004226
6987,-0.005176,0.038355,0.0031190000000000002
6988,-0.005171,0.039421,0.003118
6989,-0.000904,0.039406000000000004,0.003148
6990,-0.000904,0.039406000000000004,0.003148
6991,-0.003047,0.038344,0.004202
6992,-0.00198,0.03834,0.00421
6993,0.000149,0.037267,0.004226
6994,-0.0009130000000000001,0.037275,0.003151
6995,-0.000909,0.03834,0.003149
6996,0.00015800000000000002,0.038337,0.003157
6997,0.000144,0.036202,0.004228
6998,-0.003062,0.036209,0.005273
6999,-0.001995,0.035144,0.004214
7000,-0.0009279999999999999,0.036201,0.005288
7001,0.000153,0.038332,0.004225
7002,-0.0009130000000000001,0.038336,0.004217
7003,-0.001971,0.038348,0.002074
7004,0.00016299999999999998,0.038341,0.002088
7005,-0.0008939999999999999,0.040475,0.002078
7006,0.00015800000000000002,0.039398,0.004224
7007,-0.004124,0.036217,0.0041979999999999995
7008,-0.000889,0.04048,0.00101
7009,0.0012439999999999999,0.041533,0.002092
7010,0.0022489999999999997,0.034047,0.008518000000000001
7011,-0.002014,0.033005,0.006353
7012,0.000134,0.035132,0.005297
7013,0.0033299999999999996,0.036177999999999995,0.0074540000000000006
7014,0.0044020000000000005,0.036179,0.0063939999999999995
7015,0.00122,0.037268,0.003165
7016,0.00016299999999999998,0.039402,0.0031550000000000003
7017,0.00122,0.037268,0.003165
7018,-0.000923,0.037267,0.005287
7019,-0.005176,0.038355,0.0031190000000000002
7020,-0.004109000000000001,0.038352,0.003127
7021,-0.001966,0.040475,0.003139
7022,-0.0008990000000000001,0.03941,0.0020800000000000003
7023,-0.003014,0.041556,-7.4e-05
7024,-0.004085,0.041556,0.000986
7025,-0.004076,0.044747,0.0020510000000000003
7026,-0.005138,0.043694,-9.2e-05
7027,-0.004057,0.046887,-8.8e-05
7028,-0.004052,0.046891,-0.001157
7029,-0.005138,0.043694,-9.2e-05
7030,-0.005143,0.04369,0.000976
7031,-0.005143,0.04369,0.000976
7032,-0.007267,0.044767,-0.00010800000000000001
7033,-0.002994,0.046879000000000004,0.000987
7034,-0.0051329999999999995,0.045821,0.000974
7035,-0.0051140000000000005,0.04796,-0.001165
7036,-0.006176,0.050089999999999996,-0.00010700000000000001
7037,-0.0072239999999999995,0.050111,-0.004388
7038,-0.008305,0.04798,-0.003324
7039,-0.006161,0.049042,-0.004379
7040,-0.007252,0.047963,-0.00011200000000000001
7041,-0.008319,0.047967,-0.00011999999999999999
7042,-0.006152,0.051172,-0.004381
7043,-0.005095000000000001,0.050099,-0.003304
7044,-0.007271,0.044763,0.0009599999999999999
7045,-0.005152,0.043682,0.003113
7046,0.000168,0.040467,0.003154
7047,0.002306,0.042586,0.004234
7048,0.003368,0.040456,0.003176
7049,0.001235,0.039403,0.002095
7050,-0.000904,0.038345,0.002081
7051,-0.000909,0.039401,0.004215999999999999
7052,0.000168,0.041527999999999995,0.004221
7053,-0.0008990000000000001,0.03941,0.0020800000000000003
7054,-0.0019760000000000003,0.038344,0.0031420000000000003
7055,-0.003057,0.038335,0.006339
7056,-0.005181,0.03729,0.003121
7057,-0.008367,0.035192,-0.00224
7058,-0.009424,0.036265,-0.003317
7059,-0.009391,0.0416,-0.0054600000000000004
7060,-0.011467,0.051208000000000004,-0.008690999999999999
7061,-0.010381,0.053342999999999995,-0.010823000000000001
7062,-0.006128,0.048010000000000004,-0.012922999999999999
7063,-0.005109000000000001,0.041598,-0.008634999999999999
7064,-0.0041,0.035177,-0.00221
7065,-0.000947,0.030879000000000004,0.004227000000000001
7066,-0.000981,0.027667,0.008503
7067,0.002225,0.028720999999999997,0.008525
7068,0.0032920000000000002,0.030839,0.010666
7069,0.0022199999999999998,0.030838,0.011726
7070,0.0033009999999999997,0.031908,0.009595999999999999
7071,0.005459,0.034044,0.006404000000000001
7072,0.004416,0.038313,0.005323
7073,0.002278,0.037255,0.005309
7074,0.002306,0.038342,-3.3e-05
7075,0.0033829999999999997,0.042591000000000004,0.002105
7076,0.0022440000000000003,0.034043000000000004,0.009586
7077,0.001158,0.031907,0.011718000000000001
7078,0.004339,0.028696,0.012812
7079,0.005397,0.028683999999999998,0.014956
7080,0.005416,0.031883999999999996,0.013884
7081,0.005425,0.031892000000000004,0.011747
7082,0.006520999999999999,0.032975,0.006412999999999999
7083,0.0075829999999999995,0.031906,0.006421
7084,0.006506999999999999,0.03084,0.007483
7085,0.0033060000000000003,0.030851999999999997,0.007461
7086,-0.000947,0.031939999999999996,0.005294
7087,-0.0009369999999999999,0.034071,0.005291
7088,0.0022489999999999997,0.032986,0.007451
7089,0.001168,0.029794,0.007448000000000001
7090,0.001158,0.028724,0.008517
7091,0.004359,0.029774000000000002,0.009606
7092,0.006492,0.028706,0.008554
7093,0.0033009999999999997,0.030847000000000003,0.008529
7094,0.00011999999999999999,0.032998,0.006368
7095,-0.0009369999999999999,0.034071,0.005291
7096,-0.002009,0.033009,0.005285
7097,-0.0020039999999999997,0.034075,0.0052829999999999995
7098,-0.003076,0.034074,0.006344
7099,-0.001995,0.035144,0.004214
7100,-0.000918,0.037271,0.004219
7101,-0.0019760000000000003,0.039405,0.004209
7102,-0.00198,0.036218,0.002076
7103,-0.0008939999999999999,0.039414,0.001011
7104,0.000168,0.038345,0.0010199999999999999
7105,-0.003047,0.038344,0.004202
7106,-0.005171,0.037299,0.000984
7107,-0.0019420000000000001,0.041557,-0.001135
7108,0.000139,0.034076,0.0031620000000000003
7109,0.00011499999999999999,0.032993,0.007436
7110,0.00011999999999999999,0.032998,0.006368
7111,0.002254,0.034051,0.00745
7112,0.002258,0.036177,0.008515
7113,0.0044020000000000005,0.037239999999999995,0.007461
7114,0.004397,0.035113,0.0063950000000000005
7115,0.004386999999999999,0.034044,0.007465
7116,0.004382,0.032978,0.0074659999999999995
7117,0.001172,0.03192,0.008513
7118,-0.002009,0.035131,0.007418999999999999
7119,-0.000923,0.038327999999999994,0.006354
7120,0.000144,0.038324000000000004,0.006361
7121,0.000144,0.037263,0.005294
7122,-0.000904,0.039406000000000004,0.003148
7123,0.000168,0.039406000000000004,0.0020870000000000003
7124,0.00122,0.037268,0.003165
7125,0.00123,0.040458999999999995,0.004229999999999999
7126,-0.0040950000000000005,0.041547,0.003123
7127,-0.004104,0.040478,0.004192
7128,-0.003042,0.038348,0.003134
7129,-0.0041140000000000005,0.037286,0.003128
7130,-0.003052,0.036217,0.003137
7131,-0.005181,0.03729,0.003121
7132,-0.006229,0.040494,0.002041
7133,-0.005152,0.04156,0.0009789999999999998
7134,-0.003023,0.038364999999999996,-0.001139
7135,-0.003023,0.037304000000000004,-0.002205
7136,-0.005147,0.038381,-0.00329
7137,-0.001956,0.039422000000000006,-6.4e-05
7138,-0.006248,0.037294,0.003113
7139,-0.003023,0.040487,0.000995
7140,0.00018700000000000002,0.043667000000000004,0.002082
7141,0.001182,0.034051,0.00851
7142,-0.002023,0.031936,0.007422
7143,-0.0009609999999999999,0.031928,0.008498
7144,0.0033200000000000005,0.03723,0.010657999999999999
7145,0.007597,0.038285,0.009618000000000002
7146,0.005473,0.038301,0.0074670000000000005
7147,0.00122,0.038329,0.004232
7148,0.0033490000000000004,0.037256,0.004249
7149,0.0033350000000000003,0.036182,0.006386
7150,-0.000923,0.036206,0.004220000000000001
7151,-0.003052,0.038339,0.0052710000000000005
7152,-0.001971,0.04047,0.004207
7153,0.00122,0.039389999999999994,0.005299
7154,-0.000909,0.039401,0.004215999999999999
7155,-0.003038,0.040474,0.0042
7156,0.000153,0.038332,0.004225
7157,0.00015800000000000002,0.038337,0.003157
7158,-0.0030329999999999997,0.039417,0.002065
7159,-0.001961,0.039418,0.001004
7160,-0.0019760000000000003,0.038344,0.0031420000000000003
7161,-0.005176,0.038355,0.0031190000000000002
7162,-0.0041,0.039421,0.0020570000000000002
7163,-0.0041,0.039421,0.0020570000000000002
7164,-0.005152,0.04156,0.0009789999999999998
7165,-0.007271,0.043702,-0.00010700000000000001
7166,-0.0051140000000000005,0.046899,-0.002232
7167,-0.004057,0.045826,-0.001155
7168,-0.004065999999999999,0.044756,-8.6e-05
7169,-0.004057,0.045826,-0.001155
7170,-0.006209,0.044755,0.002036
7171,-0.008338,0.043706,-0.00011399999999999999
7172,-0.005109000000000001,0.047964,-0.002234
7173,-0.000851,0.04688,-0.001134
7174,-0.003042,0.04047,0.005268
7175,-0.005171,0.041543000000000004,0.005252000000000001
7176,-0.001961,0.04154,0.0031379999999999997
7177,-0.001947,0.044736,0.003134
7178,-0.0030039999999999997,0.044748,0.00099
7179,-0.001923,0.045818,-0.00114
7180,-0.0029850000000000002,0.045826,-0.002216
7181,-0.0029850000000000002,0.045826,-0.002216
7182,-0.006195,0.045829,-0.000102
7183,-0.007271,0.043702,-0.00010700000000000001
7184,-0.007267,0.044767,-0.00010800000000000001
7185,-0.008319,0.047967,-0.00011999999999999999
7186,-0.008319,0.046906,-0.001186
7187,-0.0062,0.044763,-0.000101
7188,-0.005128,0.044764,-0.001161
7189,-0.004071,0.043691,-8.4e-05
7190,-0.0072569999999999996,0.046898,-0.00011100000000000001
7191,-0.008324,0.046901,-0.000118
7192,-0.009391,0.045844,-0.001193
7193,-0.006205,0.043698,-9.9e-05
7194,-0.006195,0.044768,-0.001169
7195,-0.006195,0.045829,-0.000102
7196,-0.008334000000000001,0.045832,0.000951
7197,-0.006205,0.044759,0.000968
7198,-0.0051329999999999995,0.04476,-9.300000000000001e-05
7199,-0.004057,0.046887,-8.8e-05
7200,-0.005143,0.041568,-0.001157
7201,-0.0030280000000000003,0.039422000000000006,0.000997
7202,-0.003042,0.038348,0.003134
7203,-0.000904,0.038345,0.002081
7204,-0.000904,0.038345,0.002081
7205,0.00223,0.028725,0.007456
7206,0.004354,0.029769999999999998,0.010674
7207,0.006487000000000001,0.029762,0.010689
7208,0.007559000000000001,0.029763,0.009629
7209,0.0054399999999999995,0.030844,0.007476000000000001
7210,0.0054399999999999995,0.030844,0.007476000000000001
7211,0.004386999999999999,0.031922000000000006,0.005331
7212,0.004368,0.029782999999999997,0.00747
7213,0.002225,0.02766,0.007458
7214,0.001172,0.029798,0.006379
7215,0.0022440000000000003,0.029799000000000003,0.005319
7216,0.001182,0.031929,0.006377000000000001
7217,0.0033200000000000005,0.031925,0.005323
7218,0.00011,0.030867000000000002,0.006371
7219,0.002258,0.034055,0.006381
7220,0.0022489999999999997,0.031925,0.006384
7221,0.0011769999999999999,0.031924,0.007445
7222,0.001172,0.030858999999999998,0.0074459999999999995
7223,0.001182,0.030868,0.0053100000000000005
7224,0.001172,0.030858999999999998,0.0074459999999999995
7225,0.001187,0.031932999999999996,0.005308
7226,0.00011499999999999999,0.032993,0.007436
7227,0.002254,0.03299,0.006383
7228,0.002258,0.034055,0.006381
7229,0.001187,0.032994,0.006375
7230,0.0033200000000000005,0.032986,0.00639
7231,0.000129,0.035128,0.006365
7232,0.001182,0.03299,0.007444
7233,-0.003071,0.034078,0.0052759999999999994
7234,0.00122,0.037268,0.003165
7235,0.003325,0.034052,0.006389
7236,0.004354,0.028709,0.009608
7237,0.0032920000000000002,0.029778,0.009599
7238,0.005416,0.028701,0.010683
7239,0.005435,0.031901,0.009611
7240,0.004386999999999999,0.034044,0.007465
7241,0.001201,0.035129,0.005304
7242,0.000139,0.035137,0.004229
7243,0.002263,0.032999,0.004246
7244,0.001182,0.031929,0.006377000000000001
7245,-0.000942,0.033006,0.005292
7246,0.000134,0.035132,0.005297
7247,-0.000918,0.037271,0.004219
7248,-0.000923,0.036206,0.004220000000000001
7249,-0.000918,0.03621,0.003152
7250,-0.0009130000000000001,0.037275,0.003151
7251,0.0012109999999999998,0.036198,0.004235
7252,0.001206,0.036194,0.005303
7253,0.001215,0.038324000000000004,0.0053
7254,0.000153,0.037271,0.0031579999999999998
7255,-0.003057,0.035151999999999996,0.0031379999999999997
7256,0.000144,0.035141000000000006,0.0031609999999999997
7257,-0.000918,0.03621,0.003152
7258,-0.0009279999999999999,0.036201,0.005288
7259,0.000149,0.037267,0.004226
7260,0.000139,0.036198,0.005296
7261,0.000149,0.037267,0.004226
7262,0.000168,0.039406000000000004,0.0020870000000000003
7263,-0.000909,0.039401,0.004215999999999999
7264,-0.0051909999999999994,0.037282,0.005257
7265,-0.003023,0.040487,0.000995
7266,0.000192,0.043672,0.0010140000000000001
7267,0.001196,0.036185,0.00744
7268,0.002254,0.034051,0.00745
7269,0.001196,0.034063,0.005306
7270,0.002268,0.037247,0.0074459999999999995
7271,0.004397,0.036174,0.007462000000000001
7272,0.000149,0.036206,0.003159
7273,-0.0008939999999999999,0.040475,0.002078
7274,0.00016299999999999998,0.040463,0.004222
7275,0.000149,0.038327999999999994,0.005293
7276,-0.0041140000000000005,0.037286,0.003128
7277,-0.005167000000000001,0.038363999999999995,0.000983
7278,-0.003023,0.041548,0.002062
7279,0.001235,0.039403,0.002095
7280,-0.0008939999999999999,0.040475,0.002078
7281,-0.003042,0.038348,0.003134
7282,0.00015800000000000002,0.038337,0.003157
7283,0.000139,0.036198,0.005296
7284,0.002263,0.032999,0.004246
7285,0.005445,0.029787,0.005340999999999999
7286,0.01075,0.024437999999999998,0.006453
7287,0.010736,0.026547,0.011791
7288,0.001168,0.037221,0.014916
7289,-0.003071,0.042566,0.013811000000000002
7290,-0.002009,0.036192,0.008485
7291,-0.0073290000000000004,0.034102,0.0031100000000000004
7292,-0.005152,0.038377,-0.002222
7293,-0.007252,0.043719,-0.004379999999999999
7294,-0.0083,0.042679,-0.009727
7295,-0.009309,0.050161000000000004,-0.015084
7296,-0.011429,0.054425,-0.014036000000000002
7297,-0.013590999999999999,0.052285000000000005,-0.009776
7298,-0.010395,0.050147000000000004,-0.010819
7299,-0.006185,0.042654000000000004,-0.005439
7300,-0.006281,0.031958999999999994,0.005256
7301,-0.005248,0.030864,0.011674
7302,5.7999999999999994e-05,0.027637000000000002,0.01492
7303,0.006449,0.029727999999999997,0.019235
7304,0.005397,0.029744999999999997,0.016023
7305,0.005464,0.03511,0.006403
7306,0.005502,0.037266,-9e-06
7307,0.0033640000000000002,0.036208,-2.3e-05
7308,0.0012490000000000001,0.041537,0.001024
7309,-0.003014,0.042618,0.000993
7310,-0.005128,0.044764,-0.001161
7311,-0.003023,0.040487,0.000995
7312,-0.003062,0.038331,0.0074069999999999995
7313,-0.0020039999999999997,0.038319,0.009551
7314,-0.0020039999999999997,0.038319,0.009551
7315,0.002254,0.035112,0.008517
7316,0.001196,0.035124,0.006372999999999999
7317,0.001206,0.037255,0.006370000000000001
7318,0.002278,0.037255,0.005309
7319,0.0033590000000000004,0.038326,0.003179
7320,0.002278,0.035133,0.003176
7321,0.000144,0.035141000000000006,0.0031609999999999997
7322,-0.000918,0.03621,0.003152
7323,-0.0019850000000000002,0.037275,0.004211
7324,-0.001966,0.039414,0.002072
7325,-0.005143,0.044751,0.002043
7326,-0.0051329999999999995,0.046882,0.002041
7327,-0.004057,0.047948000000000005,0.000978
7328,-0.004057,0.046887,-8.8e-05
7329,-0.005123,0.045829,-0.001163
7330,-0.0019320000000000001,0.044749000000000004,-7.099999999999999e-05
7331,-0.006219,0.042624,0.002038
7332,-0.006185,0.046898,-0.001172
7333,-0.0040420000000000005,0.049020999999999995,-0.001159
7334,-0.003023,0.042608999999999994,0.003129
7335,-0.007281,0.044754,0.0030960000000000002
7336,-0.006209,0.043694,0.0009689999999999999
7337,-0.002999,0.045813,0.000989
7338,-0.004071,0.045813,0.002049
7339,-0.0051140000000000005,0.046899,-0.002232
7340,-0.007233,0.049041,-0.0033179999999999998
7341,-0.006161,0.047981,-0.005446
7342,-0.005123,0.044768,-0.00223
7343,-0.006195,0.043706999999999996,-0.002236
7344,-0.009391,0.043722000000000004,-0.003326
7345,-0.007267,0.045828,0.000959
7346,-0.007276,0.043698,0.0009609999999999999
7347,-0.007276,0.042637,-0.000105
7348,-0.003014,0.042618,0.000993
7349,0.00016299999999999998,0.039402,0.0031550000000000003
7350,-0.000923,0.037267,0.005287
7351,-0.0009130000000000001,0.039397,0.0052840000000000005
7352,-0.005171,0.038360000000000005,0.0020510000000000003
7353,-0.001956,0.040483,0.001003
7354,-0.0030280000000000003,0.040483,0.0020629999999999997
7355,-0.00409,0.041552,0.002055
7356,-0.006233,0.04049,0.003109
7357,-0.00409,0.041552,0.002055
7358,-0.003018,0.042613,0.002061
7359,-0.005138,0.044755,0.000975
7360,-0.004065999999999999,0.044756,-8.6e-05
7361,-0.005128,0.044764,-0.001161
7362,-0.004076,0.043686,0.000984
7363,-0.005157,0.041555,0.0020469999999999998
7364,-0.005171,0.040482,0.004185
7365,-0.007286,0.043689,0.003098
7366,-0.004057,0.047948000000000005,0.000978
7367,-0.00299,0.044761,-0.002215
7368,-0.0041,0.037299,-7.6e-05
7369,-0.001966,0.040475,0.003139
7370,0.00123,0.040458999999999995,0.004229999999999999
7371,0.00015800000000000002,0.040458999999999995,0.0052899999999999996
7372,0.001235,0.040464,0.0031609999999999997
7373,-0.001971,0.037287,0.001007
7374,-0.000918,0.03621,0.003152
7375,0.001201,0.034068,0.0042380000000000004
7376,0.003311,0.032978,0.008527
7377,-0.002019,0.031939999999999996,0.006354
7378,-0.001995,0.034082999999999995,0.003147
7379,-0.002,0.034079000000000005,0.004215
7380,-0.0009279999999999999,0.034079000000000005,0.0031550000000000003
7381,-0.000933,0.034075,0.004222999999999999
7382,0.000139,0.035137,0.004229
7383,0.002263,0.03406,0.005313
7384,0.002258,0.032994,0.005315
7385,0.002263,0.032999,0.004246
7386,0.002254,0.031929,0.0053159999999999995
7387,0.003311,0.030856,0.006393
7388,0.00011,0.030867000000000002,0.006371
7389,0.002234,0.029789999999999997,0.007455
7390,0.00223,0.030847000000000003,0.009590000000000001
7391,0.003296,0.030843000000000002,0.009597
7392,0.004372999999999999,0.031909,0.008535
7393,0.0033159999999999995,0.031921,0.006392
7394,0.002263,0.03406,0.005313
7395,0.001201,0.034068,0.0042380000000000004
7396,0.001206,0.036194,0.005303
7397,-0.003066,0.035144,0.005275
7398,-0.0009130000000000001,0.037275,0.003151
7399,0.002292,0.038329,0.003172
7400,0.004368,0.030844,0.008537000000000001
7401,0.00223,0.029786,0.008523000000000001
7402,0.006483,0.027636,0.009623999999999999
7403,0.006483,0.028697000000000004,0.010690999999999999
7404,0.0022440000000000003,0.032982,0.008519
7405,0.002268,0.035125,0.005312
7406,-0.000923,0.036206,0.004220000000000001
7407,0.001201,0.035129,0.005304
7408,0.002263,0.035121,0.006379999999999999
7409,0.00011499999999999999,0.031932,0.006369
7410,-0.000933,0.034075,0.004222999999999999
7411,-0.0009130000000000001,0.038336,0.004217
7412,-0.000909,0.039401,0.004215999999999999
7413,-0.000909,0.03834,0.003149
7414,-0.003052,0.037278,0.004204
7415,0.000139,0.037259,0.006363000000000001
7416,0.001196,0.035124,0.006372999999999999
7417,0.000144,0.036202,0.004228
7418,0.001215,0.037263,0.004234
7419,-0.0009130000000000001,0.038336,0.004217
7420,0.000149,0.036206,0.003159
7421,0.000149,0.037267,0.004226
7422,0.000125,0.034063,0.006367
7423,0.000134,0.035132,0.005297
7424,0.000149,0.038327999999999994,0.005293
7425,-0.00198,0.037279,0.003143
7426,-0.0009130000000000001,0.037275,0.003151
7427,0.00015800000000000002,0.038337,0.003157
7428,-0.0008939999999999999,0.040475,0.002078
7429,-0.000909,0.039401,0.004215999999999999
7430,-0.0051909999999999994,0.036220999999999996,0.00419
7431,-0.001952,0.041549,0.001001
7432,0.002287,0.038325,0.00424
7433,0.002263,0.035121,0.006379999999999999
7434,0.002263,0.036182,0.007447
7435,0.002258,0.035116,0.007448000000000001
7436,0.003325,0.036174,0.008523000000000001
7437,0.002273,0.037251,0.006377000000000001
7438,0.002278,0.037255,0.005309
7439,0.001225,0.038333,0.003164
7440,0.000149,0.037267,0.004226
7441,0.000144,0.035141000000000006,0.0031609999999999997
7442,-0.003052,0.036217,0.003137
7443,-0.005181,0.03729,0.003121
7444,-0.000909,0.039401,0.004215999999999999
7445,-0.000909,0.03834,0.003149
7446,-0.001971,0.038348,0.002074
7447,-0.004104,0.039417,0.003125
7448,0.000149,0.037267,0.004226
7449,0.000149,0.036206,0.003159
7450,0.00015800000000000002,0.038337,0.003157
7451,-0.0019760000000000003,0.038344,0.0031420000000000003
7452,-0.000918,0.037271,0.004219
7453,-0.000918,0.037271,0.004219
7454,-0.000918,0.037271,0.004219
7455,-0.001995,0.035144,0.004214
7456,-0.000918,0.03621,0.003152
7457,-0.000918,0.037271,0.004219
7458,-0.000918,0.037271,0.004219
7459,-0.000904,0.038345,0.002081
7460,-0.001971,0.038348,0.002074
7461,-0.001961,0.039418,0.001004
7462,-0.000904,0.040467,0.004215
7463,-0.004124,0.037278,0.005265
7464,-0.001971,0.038348,0.002074
7465,0.00018700000000000002,0.042606,0.001015
7466,0.0012109999999999998,0.03832,0.006369
7467,-0.003076,0.035135,0.007411
7468,0.000134,0.035132,0.005297
7469,0.002268,0.036186,0.006379
7470,0.004411,0.037248,0.005324000000000001
7471,0.0033490000000000004,0.037256,0.004249
7472,-0.0009130000000000001,0.037275,0.003151
7473,-0.0009130000000000001,0.038336,0.004217
7474,0.000153,0.038332,0.004225
7475,-0.003047,0.038344,0.004202
7476,-0.006243,0.038359,0.003112
7477,-0.003038,0.039413,0.003133
7478,-0.000909,0.03834,0.003149
7479,-0.0008939999999999999,0.038353,-5.5e-05
7480,-0.001971,0.039409,0.00314
7481,-0.003047,0.038344,0.004202
7482,0.000144,0.037263,0.005294
7483,-0.000904,0.039406000000000004,0.003148
7484,-0.003042,0.038348,0.003134
7485,-0.000923,0.036206,0.004220000000000001
7486,-0.000923,0.036206,0.004220000000000001
7487,0.000153,0.037271,0.0031579999999999998
7488,-0.00199,0.036209,0.004213000000000001
7489,-0.000918,0.037271,0.004219
7490,-0.000918,0.038332,0.005286
7491,0.00015800000000000002,0.038337,0.003157
7492,-0.0008990000000000001,0.038349,0.001013
7493,-0.001966,0.039414,0.002072
7494,-0.001966,0.039414,0.002072
7495,-0.0009130000000000001,0.037275,0.003151
7496,-0.000904,0.038345,0.002081
7497,-0.0008939999999999999,0.040475,0.002078
7498,-0.0019760000000000003,0.040466,0.005275
7499,-0.005167000000000001,0.039425,0.00205
7500,0.000206,0.045806,-5.6999999999999996e-05
7501,0.00016299999999999998,0.041524,0.005289
7502,-0.003057,0.037274,0.005272
7503,-0.0019760000000000003,0.039405,0.004209
7504,-0.0030280000000000003,0.041544,0.00313
7505,-0.003018,0.044735000000000004,0.004194
7506,0.00018700000000000002,0.043667000000000004,0.002082
7507,-0.002999,0.044752,-7.8e-05
7508,-0.002999,0.045813,0.000989
7509,-0.005123,0.047951,0.0009710000000000001
7510,-0.009396,0.046901,0.000942
7511,-0.013644,0.049055,-0.0012259999999999999
7512,-0.009376,0.04904,-0.0011970000000000001
7513,-0.007243,0.049033,-0.001182
7514,-0.008314,0.047971,-0.001188
7515,-0.009367,0.05011,-0.0022660000000000002
7516,-0.006171,0.049033,-0.002242
7517,-0.002975,0.047957,-0.002219
7518,-0.004052,0.046891,-0.001157
7519,-0.006171,0.049033,-0.002242
7520,-0.008314,0.047971,-0.001188
7521,-0.008329000000000001,0.045836,-0.000117
7522,-0.007262,0.045832,-0.000109
7523,-0.007262,0.045832,-0.000109
7524,-0.007262,0.045832,-0.000109
7525,-0.006195,0.04689,0.000965
7526,-0.00831,0.047975,-0.0022559999999999998
7527,-0.007233,0.050102,-0.002251
7528,-0.006185,0.045837,-0.002238
7529,-0.004052,0.046891,-0.001157
7530,-0.007267,0.044767,-0.00010800000000000001
7531,-0.009391,0.045844,-0.001193
7532,-0.0094,0.044775,-0.000123
7533,-0.006219,0.043685,0.003105
7534,-0.005143,0.04369,0.000976
7535,-0.004033,0.051151999999999996,-0.0011619999999999998
7536,-0.008324,0.04584,-0.001185
7537,-0.006224,0.041559,0.0020399999999999997
7538,-0.001956,0.042605000000000004,0.003136
7539,0.00015800000000000002,0.038337,0.003157
7540,0.000173,0.042594,0.004220000000000001
7541,-0.004085,0.043677999999999995,0.00312
7542,-0.004076,0.043686,0.000984
7543,-0.006205,0.04582,0.002034
7544,-0.005128,0.045825,-9.499999999999999e-05
7545,-0.005152,0.042621,0.002046
7546,-0.005152,0.042621,0.002046
7547,-0.0051329999999999995,0.04476,-9.300000000000001e-05
7548,-0.008329000000000001,0.043713999999999996,-0.002251
7549,-0.009386,0.046909,-0.001194
7550,-0.00619,0.046894,-0.000103
7551,-0.005143,0.044751,0.002043
7552,-0.007262,0.045832,-0.000109
7553,-0.007262,0.045832,-0.000109
7554,-0.00619,0.045833,-0.00117
7555,-0.0051329999999999995,0.043699,-0.00116
7556,-0.005147,0.041564,-8.9e-05
7557,-0.005147,0.042625,0.000978
7558,-0.006209,0.043694,0.0009689999999999999
7559,-0.005138,0.043694,-9.2e-05
7560,-0.005143,0.04369,0.000976
7561,-0.005152,0.04156,0.0009789999999999998
7562,-0.005147,0.042625,0.000978
7563,-0.006224,0.040498,0.000973
7564,-0.0030329999999999997,0.039417,0.002065
7565,-0.001995,0.034082999999999995,0.003147
7566,0.002297,0.036212,-2.9999999999999997e-05
7567,0.006511,0.028723000000000002,0.004282
7568,0.0075060000000000005,0.020166999999999997,0.011777
7569,0.009626000000000001,0.02333,0.018197
7570,0.010678,0.021190999999999998,0.019275
7571,0.010707,0.025461,0.017134
7572,0.008597,0.026550999999999998,0.012844999999999999
7573,0.007534999999999999,0.025498,0.010702
7574,0.008597,0.023368,0.009644
7575,0.008607,0.025498,0.009641
7576,0.008592,0.025485,0.012846000000000002
7577,0.00221,0.026586000000000002,0.009595000000000001
7578,0.000105,0.029802,0.006372
7579,-0.000942,0.031945,0.004225
7580,0.001182,0.030868,0.0053100000000000005
7581,0.001172,0.028737000000000002,0.005312
7582,0.0033060000000000003,0.029791,0.0063939999999999995
7583,0.003282,0.027647,0.009601
7584,0.004359,0.028713,0.008539
7585,0.005416,0.028701,0.010683
7586,0.0032920000000000002,0.027656,0.007465
7587,0.0054210000000000005,0.026583,0.007481
7588,0.002215,0.02659,0.008527
7589,0.001163,0.028729,0.007449
7590,-0.000942,0.034067,0.006359
7591,-0.000923,0.037267,0.005287
7592,0.001206,0.035133,0.004236
7593,0.000173,0.039411,0.001019
7594,-0.0062,0.042641000000000005,-0.002234
7595,-0.007252,0.045841,-0.002246
7596,-0.0072569999999999996,0.045837,-0.001178
7597,-0.0008560000000000001,0.043692,-0.0032670000000000004
7598,0.002316,0.039412,-0.001103
7599,0.0011769999999999999,0.030862999999999998,0.006378
7600,0.000105,0.032985,0.009572
7601,0.002225,0.029782,0.009590999999999999
7602,0.004368,0.032966,0.01067
7603,0.0022440000000000003,0.032982,0.008519
7604,0.001191,0.032998,0.005307
7605,0.001196,0.034063,0.005306
7606,0.002273,0.035129,0.0042439999999999995
7607,0.0033350000000000003,0.03406,0.004253
7608,0.000149,0.035144999999999996,0.002092
7609,-0.003052,0.035156,0.00207
7610,-0.001971,0.038348,0.002074
7611,-0.0030329999999999997,0.039417,0.002065
7612,-0.005176,0.038355,0.0031190000000000002
7613,-0.003047,0.038344,0.004202
7614,-0.00199,0.03727,0.005279
7615,-0.000923,0.037267,0.005287
7616,0.000153,0.037271,0.0031579999999999998
7617,0.002287,0.036203,0.002106
7618,-0.000923,0.035144999999999996,0.003153
7619,0.000134,0.034071,0.004229999999999999
7620,-0.000942,0.033006,0.005292
7621,-0.000947,0.033001,0.00636
7622,0.001191,0.034059,0.006374
7623,0.002258,0.032994,0.005315
7624,0.002258,0.034055,0.006381
7625,0.001187,0.034055,0.007442
7626,0.001201,0.035129,0.005304
7627,0.002273,0.03619,0.005311
7628,-0.002009,0.035131,0.007418999999999999
7629,0.000149,0.037267,0.004226
7630,0.000168,0.042589,0.005288
7631,0.003311,0.031917,0.00746
7632,0.003296,0.030843000000000002,0.009597
7633,0.0032869999999999996,0.028713,0.0096
7634,0.006497,0.031893,0.010687
7635,0.004378,0.035095999999999995,0.010668
7636,0.0033299999999999996,0.037239,0.008520999999999999
7637,0.000144,0.036202,0.004228
7638,0.002273,0.035129,0.0042439999999999995
7639,0.001215,0.038324000000000004,0.0053
7640,0.000139,0.035137,0.004229
7641,-0.0041329999999999995,0.034086,0.0042
7642,-0.003052,0.037278,0.004204
7643,-0.000918,0.037271,0.004219
7644,0.000139,0.036198,0.005296
7645,0.0012109999999999998,0.036198,0.004235
7646,0.000129,0.035128,0.006365
7647,0.002263,0.03406,0.005313
7648,0.001191,0.034059,0.006374
7649,0.001196,0.035124,0.006372999999999999
7650,0.000125,0.033002,0.0053
7651,0.000125,0.034063,0.006367
7652,-0.0009369999999999999,0.034071,0.005291
7653,-0.002,0.03514,0.005282
7654,0.000129,0.035128,0.006365
7655,0.0012109999999999998,0.037259,0.005302
7656,0.000134,0.036193,0.006364
7657,-0.0019760000000000003,0.038344,0.0031420000000000003
7658,-0.00198,0.036218,0.002076
7659,-0.000909,0.037279,0.002082
7660,0.00016299999999999998,0.039402,0.0031550000000000003
7661,-0.003057,0.037274,0.005272
7662,-0.004118999999999999,0.036220999999999996,0.003129
7663,-0.003009,0.042622,-7.6e-05
7664,0.001225,0.039394,0.004231
7665,0.002254,0.035112,0.008517
7666,0.002258,0.034055,0.006381
7667,0.002258,0.034055,0.006381
7668,0.005464,0.036170999999999995,0.007469
7669,0.0033299999999999996,0.036177999999999995,0.0074540000000000006
7670,0.000139,0.036198,0.005296
7671,0.000153,0.037271,0.0031579999999999998
7672,0.000144,0.036202,0.004228
7673,-0.003052,0.037278,0.004204
7674,-0.003052,0.037278,0.004204
7675,-0.004109000000000001,0.038352,0.003127
7676,-0.000889,0.041541,0.002077
7677,-0.000909,0.03834,0.003149
7678,-0.000904,0.038345,0.002081
7679,-0.001971,0.039409,0.00314
7680,-0.00198,0.03834,0.00421
7681,-0.0009130000000000001,0.037275,0.003151
7682,0.000153,0.038332,0.004225
7683,0.000149,0.037267,0.004226
7684,-0.003047,0.038344,0.004202
7685,-0.000923,0.037267,0.005287
7686,-0.00198,0.037279,0.003143
7687,-0.000918,0.03621,0.003152
7688,-0.000923,0.037267,0.005287
7689,-0.0019760000000000003,0.039405,0.004209
7690,-0.000909,0.03834,0.003149
7691,-0.000918,0.03621,0.003152
7692,0.00016299999999999998,0.038341,0.002088
7693,-0.001971,0.038348,0.002074
7694,-0.001966,0.039414,0.002072
7695,0.002292,0.039389999999999994,0.0042380000000000004
7696,-0.0019760000000000003,0.038344,0.0031420000000000003
7697,-0.0019760000000000003,0.038344,0.0031420000000000003
7698,0.001215,0.038324000000000004,0.0053
7699,-0.004124,0.038339,0.006331
7700,-0.003018,0.041552,0.0009939999999999999
7701,0.002321,0.043660000000000004,0.002097
7702,0.002263,0.036182,0.007447
7703,-0.002009,0.034069999999999996,0.006352
7704,0.001196,0.034063,0.005306
7705,0.0033299999999999996,0.036177999999999995,0.0074540000000000006
7706,0.002273,0.03619,0.005311
7707,0.001215,0.038324000000000004,0.0053
7708,-0.0009130000000000001,0.037275,0.003151
7709,0.001215,0.038324000000000004,0.0053
7710,0.00015800000000000002,0.039398,0.004224
7711,-0.0041140000000000005,0.038347000000000006,0.004195
7712,-0.006243,0.036237,0.000978
7713,-0.003023,0.040487,0.000995
7714,0.00015800000000000002,0.039398,0.004224
7715,-0.000904,0.039406000000000004,0.003148
7716,-0.001971,0.039409,0.00314
7717,-0.003042,0.038348,0.003134
7718,-0.0009130000000000001,0.037275,0.003151
7719,-0.001966,0.038353,0.001005
7720,-0.0019760000000000003,0.038344,0.0031420000000000003
7721,-0.003042,0.038348,0.003134
7722,-0.003042,0.038348,0.003134
7723,-0.0019850000000000002,0.037275,0.004211
7724,-0.00198,0.037279,0.003143
7725,0.000144,0.037263,0.005294
7726,-0.0009130000000000001,0.037275,0.003151
7727,-0.003047,0.037283,0.003136
7728,-0.00198,0.03834,0.00421
7729,-0.0019760000000000003,0.039405,0.004209
7730,-0.0019760000000000003,0.039405,0.004209
7731,-0.0040950000000000005,0.040486,0.0020559999999999997
7732,-0.00409,0.041552,0.002055
7733,-0.000918,0.037271,0.004219
7734,-0.0008990000000000001,0.03941,0.0020800000000000003
7735,0.000173,0.039411,0.001019
7736,-0.00198,0.03834,0.00421
7737,-0.003047,0.038344,0.004202
7738,-0.0008849999999999999,0.042606,0.002076
7739,0.001225,0.039394,0.004231
7740,0.001182,0.03299,0.007444
7741,0.000129,0.035128,0.006365
7742,0.000129,0.036189,0.007431999999999999
7743,0.0012109999999999998,0.039381,0.007436
7744,0.001235,0.042586,0.005295
7745,-0.000889,0.041541,0.002077
7746,-0.001952,0.041549,0.001001
7747,-0.001952,0.04261,0.002068
7748,-0.004076,0.044747,0.0020510000000000003
7749,-0.00942,0.041575,0.000949
7750,-0.007276,0.042637,-0.000105
7751,-0.004071,0.043691,-8.4e-05
7752,-0.004079999999999999,0.043682,0.002052
7753,-0.007281,0.042631999999999996,0.0009630000000000001
7754,-0.011539,0.044778,0.00093
7755,-0.008319,0.045845,-0.0022530000000000002
7756,-0.0051140000000000005,0.044777,-0.004366
7757,-0.004057,0.044765,-0.002222
7758,-0.001952,0.043670999999999995,0.003135
7759,0.000177,0.042598000000000004,0.003151
7760,0.000153,0.037271,0.0031579999999999998
7761,0.000144,0.036202,0.004228
7762,0.000134,0.036193,0.006364
7763,-0.0020039999999999997,0.036197,0.007417
7764,-0.00198,0.040462,0.006344
7765,-0.001971,0.043653,0.007408
7766,-0.004079999999999999,0.045804000000000004,0.004186
7767,-0.006205,0.04582,0.002034
7768,-0.005118999999999999,0.046895,-0.001164
7769,-0.006176,0.045846,-0.004375
7770,-0.006171,0.04585,-0.005443
7771,-0.005109000000000001,0.045842,-0.004367
7772,-0.0051140000000000005,0.045838,-0.0032990000000000003
7773,-0.008329000000000001,0.046897,0.00095
7774,-0.009396,0.046901,0.000942
7775,-0.006181,0.049025,-0.000106
7776,-0.005143,0.042629,-9.1e-05
7777,-0.0041140000000000005,0.038347000000000006,0.004195
7778,-0.000904,0.041527999999999995,0.005282
7779,0.00016299999999999998,0.040463,0.004222
7780,-0.0008990000000000001,0.042593,0.00528
7781,0.00018700000000000002,0.043667000000000004,0.002082
7782,-0.003018,0.040491,-7.3e-05
7783,-0.003018,0.040491,-7.3e-05
7784,-0.003023,0.040487,0.000995
7785,-0.005171,0.038360000000000005,0.0020510000000000003
7786,-0.007315,0.036237,0.002039
7787,-0.005171,0.039421,0.003118
7788,-0.003038,0.040474,0.0042
7789,-0.00198,0.037279,0.003143
7790,-0.0019760000000000003,0.037283,0.002075
7791,-0.000918,0.035149,0.002085
7792,0.000139,0.035137,0.004229
7793,-0.002,0.034079000000000005,0.004215
7794,-0.000942,0.034067,0.006359
7795,-0.000947,0.031939999999999996,0.005294
7796,-0.002014,0.031944,0.005286
7797,-0.002009,0.033009,0.005285
7798,0.000134,0.037254,0.007431
7799,0.000125,0.034063,0.006367
7800,-0.0009279999999999999,0.03514,0.004221
7801,0.000149,0.036206,0.003159
7802,0.001201,0.035129,0.005304
7803,0.000125,0.033002,0.0053
7804,0.000129,0.034067,0.005298
7805,-0.000933,0.036197,0.0063560000000000005
7806,-0.000942,0.034067,0.006359
7807,-0.002019,0.031939999999999996,0.006354
7808,0.002282,0.03726,0.004241
7809,0.0033490000000000004,0.037256,0.004249
7810,0.002234,0.029789999999999997,0.007455
7811,0.002234,0.029789999999999997,0.007455
7812,0.0054399999999999995,0.030844,0.007476000000000001
7813,0.0033060000000000003,0.029791,0.0063939999999999995
7814,0.0033200000000000005,0.034047,0.007456999999999999
7815,0.002258,0.034055,0.006381
7816,0.001191,0.032998,0.005307
7817,0.000129,0.034067,0.005298
7818,0.002254,0.03299,0.006383
7819,-0.00309,0.031938999999999995,0.007415000000000001
7820,-0.003066,0.034082999999999995,0.004208
7821,-0.000909,0.03834,0.003149
7822,-0.000909,0.036218,0.001015
7823,-0.0019850000000000002,0.036213999999999996,0.003144
7824,-0.0009130000000000001,0.036213999999999996,0.002084
7825,-0.0009130000000000001,0.037275,0.003151
7826,0.00122,0.037268,0.003165
7827,-0.00199,0.036209,0.004213000000000001
7828,-0.000933,0.037258,0.007423000000000001
7829,-0.0020039999999999997,0.035136,0.00635
7830,-0.000942,0.034067,0.006359
7831,0.001191,0.032998,0.005307
7832,-0.000947,0.033001,0.00636
7833,0.001191,0.032998,0.005307
7834,0.001201,0.034068,0.0042380000000000004
7835,0.002282,0.03726,0.004241
7836,-0.0009130000000000001,0.037275,0.003151
7837,0.000139,0.035137,0.004229
7838,0.000139,0.036198,0.005296
7839,0.000153,0.037271,0.0031579999999999998
7840,-0.003071,0.035139,0.006343
7841,-0.00198,0.03834,0.00421
7842,-0.00088,0.043670999999999995,0.002074
7843,0.002258,0.034055,0.006381
7844,0.001182,0.031929,0.006377000000000001
7845,0.0033159999999999995,0.031921,0.006392
7846,0.005445,0.031909,0.007475
7847,0.003325,0.035113,0.007456
7848,0.001206,0.036194,0.005303
7849,0.000153,0.037271,0.0031579999999999998
7850,0.000153,0.037271,0.0031579999999999998
7851,0.000149,0.037267,0.004226
7852,-0.001995,0.036205,0.005281
7853,-0.003057,0.036213,0.0042049999999999995
7854,-0.000909,0.03834,0.003149
7855,0.000173,0.040472,0.0020859999999999997
7856,-0.001971,0.039409,0.00314
7857,-0.004104,0.039417,0.003125
7858,-0.0019760000000000003,0.038344,0.0031420000000000003
7859,0.000153,0.037271,0.0031579999999999998
7860,-0.000904,0.039406000000000004,0.003148
7861,-0.003038,0.039413,0.003133
7862,-0.0009130000000000001,0.038336,0.004217
7863,-0.0019760000000000003,0.038344,0.0031420000000000003
7864,-0.0019760000000000003,0.039405,0.004209
7865,-0.0019760000000000003,0.039405,0.004209
7866,0.000153,0.037271,0.0031579999999999998
7867,0.000153,0.038332,0.004225
7868,-0.0009130000000000001,0.038336,0.004217
7869,-0.000909,0.037279,0.002082
7870,0.000153,0.038332,0.004225
7871,-0.000909,0.03834,0.003149
7872,-0.0019760000000000003,0.038344,0.0031420000000000003
7873,-0.003057,0.037274,0.005272
7874,-0.00199,0.035148,0.003146
7875,0.000182,0.04048,-5.1e-05
7876,0.002278,0.037255,0.005309
7877,0.001168,0.031916,0.009581000000000001
7878,0.002254,0.034051,0.00745
7879,0.004372999999999999,0.030848,0.007469
7880,0.005449,0.034036000000000004,0.00854
7881,0.002268,0.036186,0.006379
7882,0.001206,0.036194,0.005303
7883,-0.0009279999999999999,0.036201,0.005288
7884,0.000149,0.036206,0.003159
7885,-0.000923,0.037267,0.005287
7886,-0.000933,0.034075,0.004222999999999999
7887,-0.003047,0.037283,0.003136
7888,-0.0008990000000000001,0.040471,0.003147
7889,-0.0019760000000000003,0.038344,0.0031420000000000003
7890,-0.0019760000000000003,0.037283,0.002075
7891,-0.003042,0.038348,0.003134
7892,0.000144,0.037263,0.005294
7893,0.000149,0.037267,0.004226
7894,-0.000909,0.03834,0.003149
7895,-0.0009130000000000001,0.038336,0.004217
7896,-0.0009130000000000001,0.038336,0.004217
7897,-0.000918,0.037271,0.004219
7898,-0.000923,0.036206,0.004220000000000001
7899,-0.000923,0.036206,0.004220000000000001
7900,-0.0009279999999999999,0.036201,0.005288
7901,0.000153,0.037271,0.0031579999999999998
7902,-0.004104,0.038356,0.002059
7903,-0.003042,0.038348,0.003134
7904,-0.000909,0.037279,0.002082
7905,0.000168,0.039406000000000004,0.0020870000000000003
7906,-0.0008939999999999999,0.040475,0.002078
7907,-0.004128,0.037274,0.006333
7908,-0.0041,0.039421,0.0020570000000000002
7909,-0.0008699999999999999,0.043680000000000004,-6.2e-05
7910,0.002273,0.037251,0.006377000000000001
7911,0.001182,0.03299,0.007444
7912,0.000125,0.034063,0.006367
7913,0.002258,0.035116,0.007448000000000001
7914,0.002268,0.036186,0.006379
7915,0.002282,0.038321,0.005308
7916,-0.0009130000000000001,0.038336,0.004217
7917,0.00016299999999999998,0.038341,0.002088
7918,-0.0009130000000000001,0.038336,0.004217
7919,-0.003042,0.038348,0.003134
7920,-0.0041140000000000005,0.037286,0.003128
7921,-0.003038,0.039413,0.003133
7922,0.00015800000000000002,0.039398,0.004224
7923,-0.001966,0.039414,0.002072
7924,-0.003042,0.038348,0.003134
7925,-0.001971,0.039409,0.00314
7926,0.000149,0.037267,0.004226
7927,-0.001971,0.039409,0.00314
7928,-0.003042,0.039409,0.004201
7929,-0.0009130000000000001,0.037275,0.003151
7930,0.000149,0.036206,0.003159
7931,-0.003047,0.038344,0.004202
7932,-0.00198,0.03834,0.00421
7933,-0.000923,0.036206,0.004220000000000001
7934,-0.0009130000000000001,0.037275,0.003151
7935,-0.0009130000000000001,0.037275,0.003151
7936,0.000153,0.037271,0.0031579999999999998
7937,-0.0019760000000000003,0.039405,0.004209
7938,-0.001966,0.040475,0.003139
7939,-0.000904,0.039406000000000004,0.003148
7940,-0.001971,0.039409,0.00314
7941,-0.003038,0.040474,0.0042
7942,-0.0051909999999999994,0.037282,0.005257
7943,-0.001966,0.038353,0.001005
7944,0.000197,0.044737,0.0010119999999999999
7945,0.001201,0.03619,0.006371
7946,0.00011499999999999999,0.031932,0.006369
7947,0.001196,0.034063,0.005306
7948,0.002263,0.037243,0.008514
7949,0.004416,0.038313,0.005323
7950,0.0012109999999999998,0.037259,0.005302
7951,0.000144,0.036202,0.004228
7952,0.002282,0.038321,0.005308
7953,0.00122,0.038329,0.004232
7954,-0.003057,0.036213,0.0042049999999999995
7955,-0.0041140000000000005,0.036225,0.002061
7956,-0.0030329999999999997,0.039417,0.002065
7957,-0.0008990000000000001,0.040471,0.003147
7958,-0.001971,0.038348,0.002074
7959,-0.0030329999999999997,0.040478,0.0031320000000000002
7960,-0.001966,0.040475,0.003139
7961,-0.001961,0.04154,0.0031379999999999997
7962,-0.003009,0.043683,0.000991
7963,-0.004079999999999999,0.043682,0.002052
7964,-0.004076,0.043686,0.000984
7965,-0.003023,0.041548,0.002062
7966,-0.005152,0.04156,0.0009789999999999998
7967,-0.005157,0.040494,0.00098
7968,-0.005143,0.04369,0.000976
7969,-0.004079999999999999,0.043682,0.002052
7970,-0.005138,0.044755,0.000975
7971,-0.004076,0.044747,0.0020510000000000003
7972,-0.0062,0.044763,-0.000101
7973,-0.006209,0.044755,0.002036
7974,-0.0051329999999999995,0.04476,-9.300000000000001e-05
7975,-0.0051329999999999995,0.045821,0.000974
7976,-0.00619,0.045833,-0.00117
7977,-0.005143,0.04369,0.000976
7978,-0.008334000000000001,0.04371,-0.001182
7979,-0.002961,0.050091000000000004,-0.00329
7980,-0.001918,0.047944,-7.5e-05
7981,-0.005162,0.041551,0.0031149999999999997
7982,-0.005143,0.045812,0.0031100000000000004
7983,-0.003014,0.043679,0.002059
7984,-0.0019320000000000001,0.046870999999999996,0.0020629999999999997
7985,-0.0019370000000000001,0.045805,0.002064
7986,-0.002999,0.044752,-7.8e-05
7987,-0.005128,0.044764,-0.001161
7988,-0.005128,0.044764,-0.001161
7989,-0.005138,0.043694,-9.2e-05
7990,-0.008334000000000001,0.04371,-0.001182
7991,-0.0072569999999999996,0.045837,-0.001178
7992,-0.007252,0.046902,-0.001179
7993,-0.007252,0.047963,-0.00011200000000000001
7994,-0.008324,0.04584,-0.001185
7995,-0.00619,0.046894,-0.000103
7996,-0.004052,0.049013,0.000977
7997,-0.00831,0.047975,-0.0022559999999999998
7998,-0.0051140000000000005,0.045838,-0.0032990000000000003
7999,-0.0030039999999999997,0.042626,-0.001144
8000,-0.003023,0.040487,0.000995
8001,-0.001961,0.040479,0.002071
8002,-0.0019850000000000002,0.034092000000000004,0.001011
8003,-0.0009570000000000001,0.028749,0.004229
8004,0.002225,0.02766,0.007458
8005,0.004339,0.026574,0.010678
8006,0.003282,0.027647,0.009601
8007,0.0054009999999999996,0.024444,0.00962
8008,0.006449,0.021240000000000002,0.0107
8009,0.0064540000000000005,0.022306,0.010699
8010,0.008588,0.024419999999999997,0.012846999999999999
8011,0.008597,0.025490000000000002,0.011778
8012,0.0075450000000000005,0.026567,0.009633
8013,0.008664,0.031915,0.0032240000000000003
8014,0.0075780000000000005,0.028719,0.004289
8015,0.0075450000000000005,0.024444999999999998,0.007499
8016,0.006502,0.029775,0.0074849999999999995
8017,0.007568999999999999,0.030832,0.008559
8018,0.004368,0.032966,0.01067
8019,0.00011499999999999999,0.034054,0.008503
8020,-0.003071,0.0362,0.007409999999999999
8021,-0.005186,0.038347000000000006,0.005256
8022,0.000139,0.036198,0.005296
8023,-0.000942,0.033006,0.005292
8024,0.000129,0.031945,0.003165
8025,-0.00199,0.035148,0.003146
8026,0.000144,0.037263,0.005294
8027,0.000149,0.037267,0.004226
8028,-0.000923,0.037267,0.005287
8029,-0.001995,0.037266,0.0063479999999999995
8030,0.000139,0.037259,0.006363000000000001
8031,0.001201,0.03619,0.006371
8032,-0.0020039999999999997,0.035136,0.00635
8033,0.000139,0.036198,0.005296
8034,0.000134,0.035132,0.005297
8035,0.001201,0.035129,0.005304
8036,0.001206,0.037255,0.006370000000000001
8037,0.001201,0.034068,0.0042380000000000004
8038,0.002273,0.034068,0.003177
8039,0.0033350000000000003,0.035121,0.005319
8040,0.000139,0.037259,0.006363000000000001
8041,-0.0009279999999999999,0.036201,0.005288
8042,-0.000904,0.039406000000000004,0.003148
8043,-0.000904,0.040467,0.004215
8044,-0.005186,0.038347000000000006,0.005256
8045,-0.004104,0.038356,0.002059
8046,0.000192,0.043672,0.0010140000000000001
8047,0.0033439999999999998,0.037252,0.0053170000000000005
8048,0.0011769999999999999,0.030862999999999998,0.006378
8049,0.001191,0.032998,0.005307
8050,0.002263,0.035121,0.006379999999999999
8051,0.002268,0.037247,0.0074459999999999995
8052,0.001201,0.037251,0.007437999999999999
8053,-0.0009279999999999999,0.036201,0.005288
8054,-0.0009130000000000001,0.038336,0.004217
8055,0.000153,0.038332,0.004225
8056,-0.0009130000000000001,0.037275,0.003151
8057,-0.005181,0.036229000000000004,0.002054
8058,-0.0030280000000000003,0.040483,0.0020629999999999997
8059,0.000168,0.039406000000000004,0.0020870000000000003
8060,-0.001961,0.040479,0.002071
8061,-0.0041,0.038360000000000005,0.00099
8062,0.00015800000000000002,0.039398,0.004224
8063,0.000149,0.039389,0.00636
8064,-0.003052,0.037278,0.004204
8065,-0.0019760000000000003,0.037283,0.002075
8066,-0.004104,0.038356,0.002059
8067,-0.003047,0.037283,0.003136
8068,-0.003042,0.038348,0.003134
8069,-0.001961,0.039418,0.001004
8070,-0.000904,0.038345,0.002081
8071,-0.000904,0.037284,0.0010140000000000001
8072,-0.0019760000000000003,0.039405,0.004209
8073,-0.001995,0.037266,0.0063479999999999995
8074,-0.003042,0.038348,0.003134
8075,-0.001966,0.039414,0.002072
8076,-0.00199,0.038331,0.006346
8077,-0.005195,0.037277,0.006325
8078,0.000182,0.042602,0.0020829999999999998
8079,-0.0008849999999999999,0.041545,0.001009
8080,0.001191,0.032998,0.005307
8081,-0.0019850000000000002,0.035153,0.002078
8082,0.001201,0.034068,0.0042380000000000004
8083,0.002273,0.037251,0.006377000000000001
8084,0.0033299999999999996,0.036177999999999995,0.0074540000000000006
8085,0.000134,0.036193,0.006364
8086,-0.0009279999999999999,0.036201,0.005288
8087,-0.000923,0.037267,0.005287
8088,-0.000923,0.038327999999999994,0.006354
8089,-0.005195,0.036216000000000005,0.005258
8090,-0.00198,0.037279,0.003143
8091,0.000168,0.039406000000000004,0.0020870000000000003
8092,0.000168,0.037284,-4.7e-05
8093,-0.0030329999999999997,0.037295,-6.9e-05
8094,-0.0030329999999999997,0.039417,0.002065
8095,-0.0008990000000000001,0.03941,0.0020800000000000003
8096,-0.0030329999999999997,0.040478,0.0031320000000000002
8097,-0.005143,0.04369,0.000976
8098,-0.006205,0.04582,0.002034
8099,-0.005147,0.044747,0.003111
8100,-0.001952,0.04261,0.002068
8101,-0.006233,0.04049,0.003109
8102,-0.004085,0.041556,0.000986
8103,-0.0030039999999999997,0.043687000000000004,-7.7e-05
8104,-0.00619,0.046894,-0.000103
8105,-0.005118999999999999,0.046895,-0.001164
8106,-0.0051329999999999995,0.04476,-9.300000000000001e-05
8107,-0.005123,0.045829,-0.001163
8108,-0.005128,0.046886000000000004,0.0009720000000000001
8109,-0.008348000000000001,0.044758,0.003089
8110,-0.007267,0.044767,-0.00010800000000000001
8111,-0.00509,0.051164,-0.0033060000000000003
8112,-0.002994,0.045818,-8e-05
8113,-0.006224,0.041559,0.0020399999999999997
8114,-0.005147,0.042625,0.000978
8115,-0.000889,0.041541,0.002077
8116,-0.001947,0.044736,0.003134
8117,-0.0030039999999999997,0.044748,0.00099
8118,-0.004061,0.04476,-0.0011539999999999999
8119,-0.005128,0.044764,-0.001161
8120,-0.004065999999999999,0.044756,-8.6e-05
8121,-0.006224,0.041559,0.0020399999999999997
8122,-0.008343000000000001,0.04264,-0.000113
8123,-0.00619,0.046894,-0.000103
8124,-0.007262,0.045832,-0.000109
8125,-0.007262,0.045832,-0.000109
8126,-0.0051140000000000005,0.046899,-0.002232
8127,-0.00619,0.045833,-0.00117
8128,-0.004076,0.043686,0.000984
8129,-0.006195,0.045829,-0.000102
8130,-0.005143,0.04369,0.000976
8131,-0.005147,0.042625,0.000978
8132,-0.004085,0.041556,0.000986
8133,-0.0030280000000000003,0.040483,0.0020629999999999997
8134,-0.0030329999999999997,0.038356,0.000998
8135,-0.0019760000000000003,0.037283,0.002075
8136,0.000153,0.037271,0.0031579999999999998
8137,0.000144,0.03408,0.002094
8138,0.001201,0.034068,0.0042380000000000004
8139,0.0012109999999999998,0.035137,0.003168
8140,0.000129,0.034067,0.005298
8141,0.00011499999999999999,0.031932,0.006369
8142,0.000129,0.033006,0.004231
8143,0.004406,0.036183,0.005326
8144,0.0022199999999999998,0.026594,0.007459
8145,0.004359,0.027652,0.0074730000000000005
8146,0.00543,0.029775,0.008546
8147,0.006487000000000001,0.029762,0.010689
8148,0.005425,0.030831,0.010681
8149,0.003311,0.030856,0.006393
8150,0.0022440000000000003,0.030860000000000002,0.006385
8151,0.002258,0.031932999999999996,0.004248
8152,0.0022440000000000003,0.029799000000000003,0.005319
8153,9.1e-05,0.027667,0.007443000000000001
8154,-0.0009519999999999999,0.031936,0.006362
8155,0.000129,0.033006,0.004231
8156,0.001196,0.034063,0.005306
8157,-0.001995,0.036205,0.005281
8158,-0.002009,0.033009,0.005285
8159,0.002258,0.034055,0.006381
8160,0.0033159999999999995,0.031921,0.006392
8161,0.00011999999999999999,0.030876,0.004234
8162,0.001182,0.031929,0.006377000000000001
8163,0.002254,0.031929,0.0053159999999999995
8164,0.001187,0.031932999999999996,0.005308
8165,0.0022440000000000003,0.030860000000000002,0.006385
8166,0.001182,0.031929,0.006377000000000001
8167,0.0033200000000000005,0.032986,0.00639
8168,0.002258,0.032994,0.005315
8169,0.001191,0.032998,0.005307
8170,0.000134,0.034071,0.004229999999999999
8171,0.001215,0.037263,0.004234
8172,0.000139,0.036198,0.005296
8173,-0.003071,0.034078,0.0052759999999999994
8174,0.000144,0.036202,0.004228
8175,0.003368,0.040456,0.003176
8176,0.0022489999999999997,0.031925,0.006384
8177,0.0011769999999999999,0.031924,0.007445
8178,0.0033060000000000003,0.030851999999999997,0.007461
8179,0.004372999999999999,0.03297,0.009602
8180,0.0033200000000000005,0.034047,0.007456999999999999
8181,0.002273,0.03619,0.005311
8182,-0.000918,0.037271,0.004219
8183,0.000134,0.035132,0.005297
8184,0.0012109999999999998,0.036198,0.004235
8185,-0.000933,0.036197,0.0063560000000000005
8186,-0.0041329999999999995,0.034086,0.0042
8187,-0.0019760000000000003,0.038344,0.0031420000000000003
8188,0.002292,0.038329,0.003172
8189,-0.0019760000000000003,0.038344,0.0031420000000000003
8190,-0.001971,0.039409,0.00314
8191,-0.00198,0.037279,0.003143
8192,0.0012109999999999998,0.036198,0.004235
8193,-0.00198,0.037279,0.003143
8194,-0.004109000000000001,0.038352,0.003127
8195,0.000149,0.037267,0.004226
8196,-0.0009130000000000001,0.037275,0.003151
8197,-0.0019850000000000002,0.037275,0.004211
8198,0.000144,0.037263,0.005294
8199,0.000139,0.035137,0.004229
8200,-0.00199,0.03727,0.005279
8201,0.000153,0.038332,0.004225
8202,-0.00198,0.037279,0.003143
8203,0.00015800000000000002,0.039398,0.004224
8204,-0.000904,0.039406000000000004,0.003148
8205,-0.0019850000000000002,0.037275,0.004211
8206,-0.00198,0.03834,0.00421
8207,-0.001956,0.040483,0.001003
8208,0.0012490000000000001,0.041537,0.001024
8209,0.001187,0.035116,0.008509000000000001
8210,-0.000933,0.036197,0.0063560000000000005
8211,0.000129,0.034067,0.005298
8212,0.001206,0.037255,0.006370000000000001
8213,0.002268,0.037247,0.0074459999999999995
8214,0.002287,0.038325,0.00424
8215,-0.000904,0.039406000000000004,0.003148
8216,0.00015800000000000002,0.039398,0.004224
8217,-0.000904,0.039406000000000004,0.003148
8218,-0.003052,0.036217,0.003137
8219,-0.005186,0.037286,0.004189
8220,-0.003038,0.039413,0.003133
8221,0.000168,0.040467,0.003154
8222,-0.001971,0.038348,0.002074
8223,-0.000923,0.037267,0.005287
8224,-0.0009130000000000001,0.038336,0.004217
8225,-0.001971,0.039409,0.00314
8226,-0.001971,0.039409,0.00314
8227,-0.001971,0.039409,0.00314
8228,-0.0019850000000000002,0.038336,0.005278
8229,0.00015800000000000002,0.039398,0.004224
8230,-0.000909,0.03834,0.003149
8231,0.00015800000000000002,0.037276,0.00209
8232,-0.0009130000000000001,0.036213999999999996,0.002084
8233,-0.003042,0.038348,0.003134
8234,-0.003042,0.038348,0.003134
8235,-0.0030280000000000003,0.041544,0.00313
8236,-0.004109000000000001,0.039413,0.004194
8237,-0.005176,0.039416,0.004186
8238,-0.006233,0.04049,0.003109
8239,-0.0030280000000000003,0.039422000000000006,0.000997
8240,0.000149,0.037267,0.004226
8241,0.001191,0.034059,0.006374
8242,0.005483,0.037249000000000004,0.004263
8243,0.0076359999999999996,0.040441000000000005,0.003206
8244,0.004368,0.029782999999999997,0.00747
8245,0.001158,0.027663,0.00745
8246,0.004368,0.031905,0.009604000000000001
8247,0.005425,0.032952999999999996,0.012813999999999999
8248,0.00223,0.03403,0.012791
8249,0.000129,0.036189,0.007431999999999999
8250,-0.006219,0.041563,0.0009720000000000001
8251,-0.005128,0.044764,-0.001161
8252,-0.004057,0.047948000000000005,0.000978
8253,-0.006181,0.047964,-0.001173
8254,-0.010439,0.047987,-0.003339
8255,-0.007233,0.050102,-0.002251
8256,-0.004047,0.046895,-0.002225
8257,-0.009386,0.046909,-0.001194
8258,-0.011515000000000001,0.049043,-0.000143
8259,-0.007243,0.050094,-0.00011499999999999999
8260,-0.005143,0.04369,0.000976
8261,-0.006195,0.04689,0.000965
8262,-0.008338,0.044767,0.000953
8263,-0.005143,0.044751,0.002043
8264,-0.0051329999999999995,0.04476,-9.300000000000001e-05
8265,-0.004065999999999999,0.044756,-8.6e-05
8266,-0.004065999999999999,0.043695,-0.001153
8267,-0.004071,0.043691,-8.4e-05
8268,-0.006195,0.044768,-0.001169
8269,-0.005123,0.045829,-0.001163
8270,-0.006166,0.049037,-0.003311
8271,-0.006176,0.047968000000000004,-0.002241
8272,-0.0051140000000000005,0.04796,-0.001165
8273,-0.007243,0.047972,-0.0022489999999999997
8274,-0.007238,0.049037,-0.00225
8275,-0.00619,0.046894,-0.000103
8276,-0.007271,0.045824000000000004,0.002027
8277,-0.006195,0.045829,-0.000102
8278,-0.00297,0.049022,-0.0022199999999999998
8279,-0.004079999999999999,0.042621,0.000985
8280,-0.005162,0.04049,0.002049
8281,-0.007291,0.042624,0.0030989999999999998
8282,-0.007286,0.045811000000000004,0.005232
8283,-0.006209,0.046876999999999995,0.004169
8284,-0.005176,0.040477,0.005253
8285,-0.005181,0.03729,0.003121
8286,-0.005171,0.039421,0.003118
8287,-0.00409,0.040491,0.0009880000000000002
8288,-0.005181,0.038350999999999996,0.004188
8289,-0.003057,0.036213,0.0042049999999999995
8290,-0.000923,0.036206,0.004220000000000001
8291,-0.000923,0.035144999999999996,0.003153
8292,0.002278,0.034072000000000005,0.002109
8293,-0.000933,0.035136,0.0052899999999999996
8294,0.000139,0.036198,0.005296
8295,0.000139,0.036198,0.005296
8296,-0.000923,0.035144999999999996,0.003153
8297,0.000134,0.034071,0.004229999999999999
8298,0.001206,0.035133,0.004236
8299,0.000144,0.037263,0.005294
8300,-0.000909,0.037279,0.002082
8301,-0.001966,0.038353,0.001005
8302,-0.0019760000000000003,0.037283,0.002075
8303,-0.0009130000000000001,0.037275,0.003151
8304,0.00122,0.038329,0.004232
8305,-0.000923,0.036206,0.004220000000000001
8306,-0.000909,0.037279,0.002082
8307,-0.003052,0.037278,0.004204
8308,-0.001995,0.037266,0.0063479999999999995
8309,-0.0009369999999999999,0.036193,0.007425
8310,0.001215,0.037263,0.004234
8311,0.002292,0.038329,0.003172
8312,0.00011999999999999999,0.031937,0.005301
8313,0.000129,0.035128,0.006365
8314,0.0033399999999999997,0.036187000000000004,0.005318
8315,0.0033350000000000003,0.037243,0.007453
8316,0.002273,0.037251,0.006377000000000001
8317,0.00122,0.037268,0.003165
8318,0.000144,0.035141000000000006,0.0031609999999999997
8319,-0.000918,0.037271,0.004219
8320,-0.0019850000000000002,0.037275,0.004211
8321,-0.005195,0.035155,0.004192
8322,-0.003052,0.037278,0.004204
8323,-0.001966,0.039414,0.002072
8324,-0.0019760000000000003,0.038344,0.0031420000000000003
8325,-0.001956,0.040483,0.001003
8326,-0.0019760000000000003,0.039405,0.004209
8327,-0.000909,0.039401,0.004215999999999999
8328,0.00015800000000000002,0.037276,0.00209
8329,-0.0009279999999999999,0.03514,0.004221
8330,-0.0009279999999999999,0.03514,0.004221
8331,0.00011999999999999999,0.032998,0.006368
8332,0.000129,0.035128,0.006365
8333,-0.003062,0.036209,0.005273
8334,-0.005171,0.038360000000000005,0.0020510000000000003
8335,-0.006229,0.039432999999999996,0.000974
8336,-0.006219,0.040501999999999996,-9.499999999999999e-05
8337,-0.00409,0.040491,0.0009880000000000002
8338,-0.004076,0.039442000000000005,-0.0032840000000000005
8339,-0.003023,0.036243,-0.0032719999999999997
8340,-0.00088,0.038366000000000004,-0.0032600000000000003
8341,-0.000904,0.038345,0.002081
8342,0.001206,0.038316,0.007437
8343,0.007606999999999999,0.040416,0.009615
8344,0.010773999999999999,0.034009,0.010714
8345,0.012812,0.019062,0.017157
8346,0.010697,0.022269,0.016069999999999997
8347,0.009645,0.022286,0.012856999999999999
8348,0.009674,0.03186,0.01605
8349,0.004372999999999999,0.038275,0.014937
8350,0.001206,0.041499,0.010637
8351,-0.001952,0.04261,0.002068
8352,-0.0008460000000000001,0.043701,-0.005403
8353,-0.00298,0.04583,-0.0032840000000000005
8354,-0.004047,0.046895,-0.002225
8355,-0.005128,0.042642,-0.003295
8356,-0.0062,0.04158,-0.0033009999999999997
8357,-0.005162,0.039429,0.000982
8358,-0.006248,0.038355,0.00418
8359,-0.0051909999999999994,0.038343,0.006324000000000001
8360,-0.003066,0.036205,0.006342
8361,-0.001995,0.036205,0.005281
8362,-0.003042,0.037287,0.0020670000000000003
8363,-0.001961,0.036235,-0.0021969999999999997
8364,0.000149,0.031962,-0.001108
8365,-0.0008990000000000001,0.038349,0.001013
8366,-0.005157,0.041555,0.0020469999999999998
8367,-0.006233,0.039429,0.002042
8368,-0.003062,0.033026,0.002073
8369,-0.000947,0.033001,0.00636
8370,-0.0020280000000000003,0.032992,0.009558
8371,-0.000947,0.033001,0.00636
8372,0.0022489999999999997,0.029802999999999996,0.00425
8373,0.004386999999999999,0.030861000000000003,0.004264
8374,0.005464,0.036170999999999995,0.007469
8375,0.001187,0.034055,0.007442
8376,-0.002,0.034079000000000005,0.004215
8377,0.0033539999999999998,0.035138,0.001047
8378,0.006492,0.030827999999999998,0.010688
8379,0.002196,0.026573000000000003,0.0128
8380,0.002225,0.02766,0.007458
8381,0.002239,0.028732999999999998,0.00532
8382,0.006506999999999999,0.031901,0.00855
8383,0.0075829999999999995,0.03615,0.010689
8384,0.007597,0.036163,0.007484
8385,0.005459,0.032983,0.005337
8386,0.005445,0.029787,0.005340999999999999
8387,0.004368,0.029782999999999997,0.00747
8388,0.001163,0.030851,0.009583
8389,-0.0009609999999999999,0.035111,0.011699
8390,0.001196,0.038307,0.009573
8391,0.001201,0.038312,0.008505
8392,-0.0009279999999999999,0.037262,0.0063549999999999995
8393,-0.004109000000000001,0.037291000000000005,0.00206
8394,-0.003042,0.036226,0.001001
8395,-0.0009130000000000001,0.037275,0.003151
8396,-0.005157,0.039432999999999996,-8.7e-05
8397,-0.006219,0.041563,0.0009720000000000001
8398,-0.006229,0.039432999999999996,0.000974
8399,-0.005181,0.038350999999999996,0.004188
8400,-0.006253,0.038350999999999996,0.005248
8401,-0.006257,0.037285000000000006,0.00525
8402,-0.0009279999999999999,0.036201,0.005288
8403,0.000144,0.038324000000000004,0.006361
8404,0.000153,0.039393,0.005292
8405,0.001225,0.037272,0.002097
8406,0.00123,0.036215,-3.8e-05
8407,0.000168,0.038345,0.0010199999999999999
8408,-0.00198,0.039401,0.0052770000000000004
8409,-0.006253,0.040473,0.007382
8410,-0.0040950000000000005,0.041547,0.003123
8411,-0.000904,0.039406000000000004,0.003148
8412,0.001187,0.034055,0.007442
8413,-0.003057,0.038335,0.006339
8414,-0.000923,0.037267,0.005287
8415,0.0033399999999999997,0.036187000000000004,0.005318
8416,0.005464,0.03511,0.006403
8417,0.0033399999999999997,0.036187000000000004,0.005318
8418,0.002273,0.03619,0.005311
8419,0.0033350000000000003,0.037243,0.007453
8420,0.000134,0.036193,0.006364
8421,-0.002,0.03514,0.005282
8422,-0.003057,0.038335,0.006339
8423,0.00015800000000000002,0.040458999999999995,0.0052899999999999996
8424,0.00443,0.040448000000000005,0.004252000000000001
8425,-0.001961,0.039418,0.001004
8426,-0.0041,0.039421,0.0020570000000000002
8427,-0.001971,0.039409,0.00314
8428,0.000153,0.039393,0.005292
8429,-0.003018,0.041552,0.0009939999999999999
8430,-0.005152,0.040499,-8.8e-05
8431,-0.0041140000000000005,0.037286,0.003128
8432,-0.004124,0.036217,0.0041979999999999995
8433,-0.004118999999999999,0.039404,0.00633
8434,-0.003052,0.037278,0.004204
8435,-0.00199,0.035148,0.003146
8436,-0.000909,0.03834,0.003149
8437,-0.0030329999999999997,0.040478,0.0031320000000000002
8438,-0.0030280000000000003,0.040483,0.0020629999999999997
8439,0.000177,0.041537,0.002084
8440,-0.003009,0.042622,-7.6e-05
8441,-0.0008699999999999999,0.045801999999999995,0.002072
8442,-0.006224,0.04262,0.003107
8443,-0.0062,0.044763,-0.000101
8444,-0.002961,0.050091000000000004,-0.00329
8445,0.000182,0.043663,0.00315
8446,-0.0041140000000000005,0.039408,0.005261999999999999
8447,-0.0041,0.041543000000000004,0.004190999999999999
8448,-0.003018,0.043674,0.003128
8449,-0.003009,0.046866000000000005,0.004192
8450,-0.004065999999999999,0.046877999999999996,0.002048
8451,-0.004052,0.047952,-9e-05
8452,-0.005118999999999999,0.046895,-0.001164
8453,-0.004061,0.045821,-8.7e-05
8454,-0.005128,0.045825,-9.499999999999999e-05
8455,-0.010458,0.045848,-0.0012
8456,-0.010434,0.051174000000000004,-0.001207
8457,-0.009367,0.05011,-0.0022660000000000002
8458,-0.008295,0.05011,-0.003327
8459,-0.006166,0.049037,-0.003311
8460,-0.005109000000000001,0.047964,-0.002234
8461,-0.006171,0.049033,-0.002242
8462,-0.008305,0.050102,-0.00119
8463,-0.008295,0.05011,-0.003327
8464,-0.007243,0.049033,-0.001182
8465,-0.006176,0.047968000000000004,-0.002241
8466,-0.007248,0.046906,-0.002247
8467,-0.007262,0.044771,-0.001176
8468,-0.007262,0.045832,-0.000109
8469,-0.0051329999999999995,0.04476,-9.300000000000001e-05
8470,-0.003009,0.043683,0.000991
8471,-0.005147,0.043686,0.002045
8472,-0.008324,0.04584,-0.001185
8473,-0.008329000000000001,0.045836,-0.000117
8474,-0.008338,0.044767,0.000953
8475,-0.007252,0.046902,-0.001179
8476,-0.006147,0.052237,-0.004383
8477,-0.010391,0.05651799999999999,-0.0054859999999999996
8478,-0.010448,0.047978,-0.0012029999999999999
8479,-0.006181,0.046903,-0.00224
8480,-0.00299,0.045822,-0.0011480000000000001
8481,-0.004057,0.047948000000000005,0.000978
8482,-0.006185,0.04902,0.000962
8483,-0.006185,0.046898,-0.001172
8484,-0.010439,0.049048,-0.0022719999999999997
8485,-0.010439,0.049048,-0.0022719999999999997
8486,-0.007248,0.049027999999999995,-0.000113
8487,-0.010429,0.049056,-0.004409000000000001
8488,-0.011462,0.05545599999999999,-0.005492
8489,-0.015715,0.058667,-0.005526
8490,-0.015701,0.058679999999999996,-0.008731000000000001
8491,-0.014639,0.057611,-0.008722
8492,-0.009333,0.053322,-0.006543000000000001
8493,-0.007204,0.053311000000000004,-0.0054600000000000004
8494,-0.008281,0.05224500000000001,-0.004398
8495,-0.013606,0.053333000000000005,-0.005504
8496,-0.012523999999999999,0.055464,-0.006568000000000001
8497,-0.013596,0.055464,-0.005507
8498,-0.011467,0.053329999999999995,-0.006558
8499,-0.009343,0.051192,-0.006540000000000001
8500,-0.00829,0.050114,-0.0043950000000000005
8501,-0.006152,0.051172,-0.004381
8502,-0.006152,0.051172,-0.004381
8503,-0.013615,0.050141000000000005,-0.006569
8504,-0.009362,0.050114,-0.003334
8505,-0.006181,0.044781,-0.004372999999999999
8506,-0.005104,0.045846,-0.005436
8507,-0.008286,0.05118,-0.004396
8508,-0.01152,0.043733999999999995,-0.004409000000000001
8509,-0.002999,0.043691,-0.001145
8510,-0.001928,0.044752999999999994,-0.001139
8511,-0.001961,0.040479,0.002071
8512,0.000149,0.039389,0.00636
8513,0.002282,0.038321,0.005308
8514,-0.0062380000000000005,0.038363,0.0020440000000000002
8515,-0.008305,0.046919,-0.004391
8516,-0.007228,0.047984,-0.005453
8517,-0.006181,0.044781,-0.004372999999999999
8518,-0.007214,0.049058,-0.007591
8519,-0.010391,0.052274,-0.009754
8520,-0.012534,0.050151,-0.009766
8521,-0.009348,0.045883,-0.010806
8522,-0.009356999999999999,0.047996,-0.006536
8523,-0.009367,0.046926,-0.0054670000000000005
8524,-0.006181,0.046903,-0.00224
8525,-0.0008990000000000001,0.037288,-5.4000000000000005e-05
8526,0.001196,0.031941000000000004,0.003172
8527,0.001144,0.023407,0.0063869999999999994
8528,0.003258,0.022321,0.009608
8529,0.007502,0.019102,0.011778
8530,0.012798,0.013744,0.015027
8531,0.011706999999999999,0.011604000000000001,0.018227
8532,0.009573,0.013734,0.020345
8533,0.006392,0.014823,0.017117
8534,0.00853,0.014819999999999998,0.016064
8535,0.008544,0.016955,0.014993000000000001
8536,0.0032770000000000004,0.030826,0.013869999999999999
8537,-0.0051909999999999994,0.041526,0.009525
8538,-0.008381999999999999,0.038362,0.004164999999999999
8539,0.001239,0.040468000000000004,0.002093
8540,0.006559000000000001,0.037252999999999994,0.002135
8541,0.005473,0.034057,0.003199
8542,0.0033299999999999996,0.031934,0.003187
8543,0.0033060000000000003,0.029791,0.0063939999999999995
8544,0.004344,0.026577999999999997,0.009609999999999999
8545,0.006459,0.02231,0.009631
8546,0.004296,0.02017,0.013890999999999999
8547,0.004282,0.018035,0.014962
8548,0.004301,0.020174,0.012823
8549,0.004335,0.024447999999999998,0.009613
8550,0.0043490000000000004,0.027644,0.009609
8551,0.0032920000000000002,0.028717000000000003,0.008532
8552,0.001172,0.029798,0.006379
8553,0.007564,0.027645,0.0064269999999999996
8554,0.011783,0.020161000000000002,0.00967
8555,0.008573,0.020163,0.011784000000000001
8556,5.3e-05,0.026572000000000002,0.014921
8557,-0.004190999999999999,0.028730000000000002,0.011684
8558,0.004359,0.027652,0.0074730000000000005
8559,0.010726000000000001,0.021234,0.008593
8560,0.012836000000000002,0.021205,0.013949000000000001
8561,0.00644,0.022293,0.013903
8562,0.004344,0.027638999999999997,0.010676999999999999
8563,0.0022199999999999998,0.029776999999999998,0.01066
8564,0.000101,0.030858999999999998,0.008506999999999999
8565,0.0033350000000000003,0.035121,0.005319
8566,0.005464,0.03511,0.006403
8567,0.003239,0.01806,0.009613
8568,0.007511,0.022293,0.012843
8569,0.007502,0.021224,0.013912
8570,0.008573,0.024406999999999998,0.016052
8571,0.0054009999999999996,0.026566000000000003,0.011754
8572,0.00755,0.027632,0.009631
8573,0.006483,0.027636,0.009623999999999999
8574,0.004344,0.027638999999999997,0.010676999999999999
8575,0.002206,0.027643,0.011729999999999999
8576,0.003268,0.025513,0.010672
8577,0.0032770000000000004,0.026581999999999998,0.009603
8578,0.005425,0.029769999999999998,0.009614
8579,0.00011999999999999999,0.032998,0.006368
8580,-0.002023,0.031936,0.007422
8581,0.0022489999999999997,0.031925,0.006384
8582,0.0043630000000000006,0.029778,0.008537999999999999
8583,0.002234,0.030851,0.008522
8584,0.001182,0.035112,0.009577
8585,-0.002019,0.034062,0.008487999999999999
8586,0.00011999999999999999,0.032998,0.006368
8587,0.0011769999999999999,0.030862999999999998,0.006378
8588,0.002239,0.030855,0.0074540000000000006
8589,0.00223,0.029786,0.008523000000000001
8590,0.004359,0.029774000000000002,0.009606
8591,0.002234,0.029789999999999997,0.007455
8592,0.0022489999999999997,0.031925,0.006384
8593,0.0033009999999999997,0.031908,0.009595999999999999
8594,-0.0009609999999999999,0.032989,0.009565
8595,0.001206,0.037255,0.006370000000000001
8596,0.0033299999999999996,0.035117,0.0063880000000000004
8597,0.001158,0.029785000000000002,0.009584
8598,0.0033009999999999997,0.031908,0.009595999999999999
8599,0.008616,0.026568,0.008572
8600,0.0075450000000000005,0.026567,0.009633
8601,0.006497,0.029771,0.008553
8602,0.0033060000000000003,0.031913,0.008528
8603,0.002254,0.035112,0.008517
8604,0.002254,0.034051,0.00745
8605,0.00011499999999999999,0.032993,0.007436
8606,0.00011,0.031928,0.007437
8607,0.000105,0.030862999999999998,0.007439
8608,0.000134,0.034071,0.004229999999999999
8609,0.000144,0.036202,0.004228
8610,-0.00198,0.03834,0.00421
8611,-0.00199,0.03727,0.005279
8612,0.001187,0.031932999999999996,0.005308
8613,0.002258,0.032994,0.005315
8614,0.001196,0.033002,0.004239
8615,0.000134,0.035132,0.005297
8616,0.001191,0.034059,0.006374
8617,0.00011499999999999999,0.032993,0.007436
8618,-0.0009519999999999999,0.031936,0.006362
8619,0.001182,0.03299,0.007444
8620,0.0033159999999999995,0.031921,0.006392
8621,0.0033200000000000005,0.032986,0.00639
8622,0.002254,0.034051,0.00745
8623,0.000134,0.034071,0.004229999999999999
8624,0.001201,0.034068,0.0042380000000000004
8625,0.000125,0.034063,0.006367
8626,-0.003071,0.035139,0.006343
8627,-0.001952,0.041549,0.001001
8628,0.0033539999999999998,0.03726,0.00318
8629,0.00223,0.031908,0.010657
8630,0.0033009999999999997,0.030847000000000003,0.008529
8631,0.00543,0.028714,0.007479
8632,0.004378,0.032974,0.008534
8633,0.003325,0.035113,0.007456
8634,0.002268,0.035125,0.005312
8635,0.0033350000000000003,0.035121,0.005319
8636,0.0033299999999999996,0.034056,0.005321
8637,0.001196,0.035124,0.006372999999999999
8638,-0.0009519999999999999,0.032997000000000005,0.007429000000000001
8639,-0.0020039999999999997,0.034075,0.0052829999999999995
8640,0.000144,0.037263,0.005294
8641,-0.000923,0.037267,0.005287
8642,-0.000909,0.039401,0.004215999999999999
8643,-0.0008990000000000001,0.03941,0.0020800000000000003
8644,-0.000918,0.038332,0.005286
8645,-0.00199,0.036209,0.004213000000000001
8646,-0.000909,0.03834,0.003149
8647,-0.000904,0.039406000000000004,0.003148
8648,0.000149,0.037267,0.004226
8649,0.000149,0.038327999999999994,0.005293
8650,-0.000923,0.037267,0.005287
8651,-0.0009279999999999999,0.036201,0.005288
8652,-0.001995,0.037266,0.0063479999999999995
8653,-0.0009279999999999999,0.037262,0.0063549999999999995
8654,0.001201,0.03619,0.006371
8655,0.001206,0.036194,0.005303
8656,0.0012109999999999998,0.037259,0.005302
8657,0.000153,0.037271,0.0031579999999999998
8658,-0.00198,0.037279,0.003143
8659,-0.0008990000000000001,0.03941,0.0020800000000000003
8660,0.00015800000000000002,0.039398,0.004224
8661,-0.005181,0.039412,0.005254
8662,-0.003018,0.041552,0.0009939999999999999
8663,0.00018700000000000002,0.042606,0.001015
8664,0.001182,0.034051,0.00851
8665,0.00011999999999999999,0.03512,0.008502
8666,0.002254,0.03299,0.006383
8667,0.002263,0.035121,0.006379999999999999
8668,0.0044020000000000005,0.036179,0.0063939999999999995
8669,0.0033350000000000003,0.036182,0.006386
8670,0.000149,0.038327999999999994,0.005293
8671,-0.0009130000000000001,0.039397,0.0052840000000000005
8672,-0.00198,0.039401,0.0052770000000000004
8673,-0.000909,0.039401,0.004215999999999999
8674,-0.003042,0.037287,0.0020670000000000003
8675,-0.005162,0.04049,0.002049
8676,-0.0008939999999999999,0.041536000000000003,0.003145
8677,-0.0019760000000000003,0.038344,0.0031420000000000003
8678,-0.001966,0.040475,0.003139
8679,-0.0030329999999999997,0.040478,0.0031320000000000002
8680,-0.0019760000000000003,0.039405,0.004209
8681,-0.0019850000000000002,0.037275,0.004211
8682,0.000168,0.040467,0.003154
8683,0.00123,0.040458999999999995,0.004229999999999999
8684,0.00016299999999999998,0.039402,0.0031550000000000003
8685,-0.0019850000000000002,0.037275,0.004211
8686,-0.0019850000000000002,0.038336,0.005278
8687,-0.00199,0.038331,0.006346
8688,-0.003047,0.037283,0.003136
8689,-0.000909,0.03834,0.003149
8690,-0.001971,0.04047,0.004207
8691,-0.000904,0.038345,0.002081
8692,0.000149,0.038327999999999994,0.005293
8693,-0.000904,0.040467,0.004215
8694,-0.0008990000000000001,0.03941,0.0020800000000000003
8695,-0.0008990000000000001,0.03941,0.0020800000000000003
8696,-0.000904,0.040467,0.004215
8697,-0.000904,0.039406000000000004,0.003148
8698,-0.0030280000000000003,0.040483,0.0020629999999999997
8699,-0.0019760000000000003,0.040466,0.005275
8700,-0.005176,0.040477,0.005253
8701,-0.003018,0.042613,0.002061
8702,0.000197,0.043676,-5.5e-05
8703,0.001201,0.035129,0.005304
8704,0.001201,0.037251,0.007437999999999999
8705,0.002268,0.036186,0.006379
8706,0.001201,0.037251,0.007437999999999999
8707,0.002273,0.038312,0.007444
8708,0.001225,0.039394,0.004231
8709,0.000153,0.038332,0.004225
8710,-0.000909,0.039401,0.004215999999999999
8711,-0.0019760000000000003,0.039405,0.004209
8712,-0.00198,0.03834,0.00421
8713,-0.005181,0.038350999999999996,0.004188
8714,-0.0040950000000000005,0.040486,0.0020559999999999997
8715,-0.001966,0.039414,0.002072
8716,-0.001971,0.039409,0.00314
8717,-0.001971,0.04047,0.004207
8718,-0.003042,0.039409,0.004201
8719,-0.000909,0.03834,0.003149
8720,-0.0019760000000000003,0.039405,0.004209
8721,-0.000904,0.039406000000000004,0.003148
8722,-0.000923,0.037267,0.005287
8723,-0.00198,0.03834,0.00421
8724,0.000149,0.038327999999999994,0.005293
8725,-0.001995,0.035144,0.004214
8726,-0.00198,0.03834,0.00421
8727,-0.0019850000000000002,0.037275,0.004211
8728,-0.000909,0.037279,0.002082
8729,0.00015800000000000002,0.038337,0.003157
8730,-0.00198,0.03834,0.00421
8731,-0.00198,0.037279,0.003143
8732,-0.0019760000000000003,0.038344,0.0031420000000000003
8733,-0.0019760000000000003,0.038344,0.0031420000000000003
8734,-0.000909,0.03834,0.003149
8735,-0.0019850000000000002,0.036213999999999996,0.003144
8736,-0.0019760000000000003,0.039405,0.004209
8737,-0.0008939999999999999,0.040475,0.002078
8738,0.000153,0.040454000000000004,0.006359
8739,-0.003047,0.038344,0.004202
8740,-0.001952,0.041549,0.001001
8741,0.001254,0.043664,0.002089
8742,0.001191,0.03512,0.007441
8743,-0.000933,0.035136,0.0052899999999999996
8744,-0.000933,0.035136,0.0052899999999999996
8745,0.002273,0.037251,0.006377000000000001
8746,0.002273,0.03619,0.005311
8747,0.002287,0.038325,0.00424
8748,0.001225,0.038333,0.003164
8749,-0.0008990000000000001,0.041532,0.004213000000000001
8750,-0.003038,0.039413,0.003133
8751,-0.004118999999999999,0.037282,0.004196
8752,-0.006243,0.037298000000000005,0.002045
8753,-0.0030329999999999997,0.040478,0.0031320000000000002
8754,0.00015800000000000002,0.038337,0.003157
8755,-0.0030329999999999997,0.039417,0.002065
8756,-0.003038,0.040474,0.0042
8757,-0.0019850000000000002,0.038336,0.005278
8758,-0.0019760000000000003,0.039405,0.004209
8759,-0.001971,0.038348,0.002074
8760,-0.0019760000000000003,0.038344,0.0031420000000000003
8761,-0.000918,0.03621,0.003152
8762,-0.00199,0.036209,0.004213000000000001
8763,-0.0009130000000000001,0.037275,0.003151
8764,-0.003057,0.037274,0.005272
8765,-0.00198,0.036218,0.002076
8766,-0.0019760000000000003,0.038344,0.0031420000000000003
8767,-0.000909,0.039401,0.004215999999999999
8768,-0.003047,0.037283,0.003136
8769,-0.003057,0.036213,0.0042049999999999995
8770,-0.000918,0.038332,0.005286
8771,-0.0019760000000000003,0.038344,0.0031420000000000003
8772,0.000153,0.038332,0.004225
8773,-0.000909,0.03834,0.003149
8774,-0.0008990000000000001,0.03941,0.0020800000000000003
8775,0.000173,0.040472,0.0020859999999999997
8776,-0.0019850000000000002,0.038336,0.005278
8777,-0.003047,0.038344,0.004202
8778,-0.0008849999999999999,0.041545,0.001009
8779,-0.00088,0.043670999999999995,0.002074
8780,0.000125,0.034063,0.006367
8781,-0.0009369999999999999,0.033010000000000005,0.004224
8782,0.001196,0.035124,0.006372999999999999
8783,0.002273,0.037251,0.006377000000000001
8784,0.0012109999999999998,0.037259,0.005302
8785,0.00122,0.037268,0.003165
8786,0.000153,0.037271,0.0031579999999999998
8787,-0.000909,0.03834,0.003149
8788,-0.00198,0.03834,0.00421
8789,-0.005181,0.03729,0.003121
8790,-0.005171,0.038360000000000005,0.0020510000000000003
8791,-0.001961,0.04154,0.0031379999999999997
8792,-0.0008939999999999999,0.040475,0.002078
8793,-0.004104,0.039417,0.003125
8794,-0.000909,0.040462,0.0052829999999999995
8795,0.001225,0.039394,0.004231
8796,0.00016299999999999998,0.039402,0.0031550000000000003
8797,-0.001971,0.038348,0.002074
8798,-0.003047,0.037283,0.003136
8799,-0.003057,0.036213,0.0042049999999999995
8800,-0.00199,0.03727,0.005279
8801,-0.0019850000000000002,0.037275,0.004211
8802,-0.000909,0.03834,0.003149
8803,-0.000918,0.03621,0.003152
8804,-0.000904,0.039406000000000004,0.003148
8805,-0.00198,0.039401,0.0052770000000000004
8806,-0.00198,0.039401,0.0052770000000000004
8807,-0.003042,0.038348,0.003134
8808,-0.003042,0.039409,0.004201
8809,-0.000909,0.039401,0.004215999999999999
8810,-0.0019850000000000002,0.036213999999999996,0.003144
8811,0.00016299999999999998,0.039402,0.0031550000000000003
8812,-0.00198,0.03834,0.00421
8813,-0.003052,0.037278,0.004204
8814,-0.001966,0.039414,0.002072
8815,-0.001947,0.043675,0.0020670000000000003
8816,-0.0019850000000000002,0.037275,0.004211
8817,-0.000942,0.034067,0.006359
8818,0.000144,0.037263,0.005294
8819,0.001196,0.035124,0.006372999999999999
8820,0.002273,0.037251,0.006377000000000001
8821,0.002287,0.038325,0.00424
8822,-0.0009279999999999999,0.036201,0.005288
8823,0.00016299999999999998,0.039402,0.0031550000000000003
8824,0.00122,0.039389999999999994,0.005299
8825,-0.0041140000000000005,0.038347000000000006,0.004195
8826,-0.005171,0.038360000000000005,0.0020510000000000003
8827,-0.0040950000000000005,0.040486,0.0020559999999999997
8828,-0.0008990000000000001,0.040471,0.003147
8829,-0.004104,0.039417,0.003125
8830,-0.003038,0.039413,0.003133
8831,0.000153,0.038332,0.004225
8832,-0.0009130000000000001,0.038336,0.004217
8833,-0.003038,0.039413,0.003133
8834,-0.001971,0.039409,0.00314
8835,-0.00198,0.03834,0.00421
8836,-0.0019850000000000002,0.037275,0.004211
8837,-0.0041140000000000005,0.037286,0.003128
8838,-0.0019850000000000002,0.037275,0.004211
8839,0.000153,0.037271,0.0031579999999999998
8840,-0.000909,0.039401,0.004215999999999999
8841,-0.003052,0.037278,0.004204
8842,-0.000904,0.039406000000000004,0.003148
8843,-0.003038,0.039413,0.003133
8844,-0.0019760000000000003,0.038344,0.0031420000000000003
8845,-0.000904,0.038345,0.002081
8846,-0.0008990000000000001,0.040471,0.003147
8847,-0.003052,0.038339,0.0052710000000000005
8848,-0.004118999999999999,0.037282,0.004196
8849,-0.001956,0.040483,0.001003
8850,0.000182,0.043663,0.00315
8851,-0.0009279999999999999,0.036201,0.005288
8852,0.000125,0.034063,0.006367
8853,0.001201,0.03619,0.006371
8854,0.002268,0.037247,0.0074459999999999995
8855,0.00122,0.039389999999999994,0.005299
8856,0.00016299999999999998,0.038341,0.002088
8857,-0.0019760000000000003,0.038344,0.0031420000000000003
8858,-0.001961,0.040479,0.002071
8859,-0.001956,0.042605000000000004,0.003136
8860,-0.0073,0.039432,0.0020350000000000004
8861,-0.006219,0.041563,0.0009720000000000001
8862,-0.005152,0.042621,0.002046
8863,-0.005138,0.043694,-9.2e-05
8864,-0.005147,0.042625,0.000978
8865,-0.007291,0.043685,0.0041659999999999996
8866,-0.003014,0.043679,0.002059
8867,-0.003014,0.043679,0.002059
8868,-0.004071,0.044752,0.000982
8869,-0.005138,0.044755,0.000975
8870,-0.004079999999999999,0.042621,0.000985
8871,-0.005152,0.042621,0.002046
8872,-0.007281,0.043693,0.00203
8873,-0.005138,0.044755,0.000975
8874,-0.005143,0.044751,0.002043
8875,-0.005138,0.044755,0.000975
8876,-0.005123,0.045829,-0.001163
8877,-0.00619,0.045833,-0.00117
8878,-0.005128,0.045825,-9.499999999999999e-05
8879,-0.002999,0.044752,-7.8e-05
8880,-0.005118999999999999,0.046895,-0.001164
8881,-0.008334000000000001,0.044771,-0.00011599999999999999
8882,-0.0094,0.044775,-0.000123
8883,-0.005099,0.049033999999999994,-0.003303
8884,-0.004013,0.053291,-0.0033009999999999997
8885,-0.004065999999999999,0.044756,-8.6e-05
8886,-0.006214,0.04369,0.002037
8887,-0.004076,0.044747,0.0020510000000000003
8888,-0.00299,0.049005,0.002053
8889,-0.004057,0.046887,-8.8e-05
8890,-0.0040420000000000005,0.049020999999999995,-0.001159
8891,-0.006176,0.047968000000000004,-0.002241
8892,-0.007243,0.047972,-0.0022489999999999997
8893,-0.00619,0.046894,-0.000103
8894,-0.007276,0.042637,-0.000105
8895,-0.004061,0.04476,-0.0011539999999999999
8896,-0.007252,0.046902,-0.001179
8897,-0.00831,0.047975,-0.0022559999999999998
8898,-0.007248,0.046906,-0.002247
8899,-0.006185,0.046898,-0.001172
8900,-0.004061,0.045821,-8.7e-05
8901,-0.004076,0.043686,0.000984
8902,-0.007271,0.044763,0.0009599999999999999
8903,-0.0072569999999999996,0.045837,-0.001178
8904,-0.007262,0.045832,-0.000109
8905,-0.004065999999999999,0.044756,-8.6e-05
8906,-0.005138,0.043694,-9.2e-05
8907,-0.006214,0.04369,0.002037
8908,-0.004079999999999999,0.042621,0.000985
8909,-0.003018,0.041552,0.0009939999999999999
8910,-0.0030280000000000003,0.039422000000000006,0.000997
8911,-0.004079999999999999,0.04156,-8.2e-05
8912,-0.004079999999999999,0.042621,0.000985
8913,-0.005157,0.042616,0.003114
8914,-0.007291,0.042624,0.0030989999999999998
8915,-0.005128,0.044764,-0.001161
8916,-0.005128,0.046886000000000004,0.0009720000000000001
8917,-0.005167000000000001,0.038363999999999995,0.000983
8918,0.000173,0.039411,0.001019
8919,0.00015800000000000002,0.039398,0.004224
8920,0.000168,0.041527999999999995,0.004221
8921,0.000173,0.041533,0.003153
8922,-0.0008939999999999999,0.039414,0.001011
8923,-0.001966,0.038353,0.001005
8924,-0.001961,0.040479,0.002071
8925,-0.0041140000000000005,0.038347000000000006,0.004195
8926,-0.005167000000000001,0.038363999999999995,0.000983
8927,-0.004085,0.041556,0.000986
8928,-0.006219,0.041563,0.0009720000000000001
8929,-0.004061,0.04476,-0.0011539999999999999
8930,-0.0062,0.044763,-0.000101
8931,-0.005138,0.044755,0.000975
8932,-0.004079999999999999,0.042621,0.000985
8933,-0.0019420000000000001,0.042618,-6.8e-05
8934,-0.004079999999999999,0.04156,-8.2e-05
8935,-0.003018,0.040491,-7.3e-05
8936,-0.005157,0.040494,0.00098
8937,-0.0040950000000000005,0.040486,0.0020559999999999997
8938,-0.0030280000000000003,0.039422000000000006,0.000997
8939,-0.003038,0.039413,0.003133
8940,-0.000904,0.039406000000000004,0.003148
8941,0.00122,0.036206999999999996,0.0020989999999999997
8942,-0.0008990000000000001,0.038349,0.001013
8943,-0.00198,0.037279,0.003143
8944,-0.003047,0.039405,0.005268999999999999
8945,-0.001971,0.039409,0.00314
8946,-0.000904,0.039406000000000004,0.003148
8947,-0.0009609999999999999,0.029806,0.006364
8948,0.0033009999999999997,0.030847000000000003,0.008529
8949,0.005435,0.029779000000000003,0.007476999999999999
8950,0.004372999999999999,0.031909,0.008535
8951,0.003325,0.035113,0.007456
8952,0.0033299999999999996,0.034056,0.005321
8953,0.004386999999999999,0.031922000000000006,0.005331
8954,0.002239,0.029794,0.0063869999999999994
8955,0.001172,0.030858999999999998,0.0074459999999999995
8956,-0.000976,0.028732,0.008502
8957,0.000105,0.028741000000000003,0.005305
8958,0.001187,0.031932999999999996,0.005308
8959,-0.002,0.034079000000000005,0.004215
8960,0.001187,0.031932999999999996,0.005308
8961,0.0022489999999999997,0.031925,0.006384
8962,0.004368,0.029782999999999997,0.00747
8963,0.003296,0.028720999999999997,0.007464
8964,0.000105,0.029802,0.006372
8965,0.000101,0.029798,0.00744
8966,0.0011769999999999999,0.030862999999999998,0.006378
8967,0.001163,0.028729,0.007449
8968,0.001163,0.028729,0.007449
8969,0.002239,0.029794,0.0063869999999999994
8970,0.00223,0.028725,0.007456
8971,0.0054210000000000005,0.027644,0.008548
8972,0.002234,0.027668,0.005321
8973,0.0011769999999999999,0.031924,0.007445
8974,0.000101,0.029798,0.00744
8975,-0.0009519999999999999,0.032997000000000005,0.007429000000000001
8976,0.002278,0.037255,0.005309
8977,0.0032869999999999996,0.028713,0.0096
8978,0.005406,0.02657,0.010686
8979,0.007529999999999999,0.023371,0.009637
8980,0.006468000000000001,0.02444,0.009628
8981,0.00543,0.031897,0.010679000000000001
8982,0.006516,0.034032,0.008548
8983,0.0033200000000000005,0.032986,0.00639
8984,0.001187,0.031932999999999996,0.005308
8985,0.000101,0.029798,0.00744
8986,0.00223,0.029786,0.008523000000000001
8987,0.001153,0.02872,0.009585
8988,0.001187,0.032994,0.006375
8989,0.000125,0.033002,0.0053
8990,0.001187,0.032994,0.006375
8991,0.001191,0.032998,0.005307
8992,0.002254,0.03299,0.006383
8993,0.001168,0.029794,0.007448000000000001
8994,0.0033060000000000003,0.029791,0.0063939999999999995
8995,0.0022440000000000003,0.031921,0.007451999999999999
8996,0.001187,0.032994,0.006375
8997,0.0011769999999999999,0.031924,0.007445
8998,0.00011999999999999999,0.032998,0.006368
8999,0.00011999999999999999,0.032998,0.006368
9000,0.001187,0.031932999999999996,0.005308
9001,0.0022489999999999997,0.032986,0.007451
9002,0.002258,0.032994,0.005315
9003,0.001206,0.035133,0.004236
9004,0.000129,0.034067,0.005298
9005,-0.003071,0.035139,0.006343
9006,-0.003042,0.039409,0.004201
9007,0.0012439999999999999,0.040472,0.001025
9008,0.004372999999999999,0.030848,0.007469
9009,0.0033009999999999997,0.030847000000000003,0.008529
9010,0.004359,0.029774000000000002,0.009606
9011,0.004372999999999999,0.031909,0.008535
9012,0.0033159999999999995,0.032982,0.007458
9013,0.002273,0.037251,0.006377000000000001
9014,0.000153,0.039393,0.005292
9015,0.000149,0.037267,0.004226
9016,0.000144,0.035141000000000006,0.0031609999999999997
9017,0.001206,0.036194,0.005303
9018,0.000129,0.035128,0.006365
9019,-0.004104,0.039417,0.003125
9020,0.000153,0.038332,0.004225
9021,-0.000909,0.03834,0.003149
9022,-0.005157,0.041555,0.0020469999999999998
9023,-0.001971,0.04047,0.004207
9024,-0.000904,0.039406000000000004,0.003148
9025,0.000153,0.037271,0.0031579999999999998
9026,-0.0008990000000000001,0.03941,0.0020800000000000003
9027,-0.0008990000000000001,0.03941,0.0020800000000000003
9028,0.000153,0.037271,0.0031579999999999998
9029,0.000139,0.036198,0.005296
9030,-0.0009279999999999999,0.03514,0.004221
9031,-0.001995,0.036205,0.005281
9032,-0.000923,0.036206,0.004220000000000001
9033,-0.0009130000000000001,0.039397,0.0052840000000000005
9034,-0.000918,0.038332,0.005286
9035,-0.0009130000000000001,0.039397,0.0052840000000000005
9036,-0.0008990000000000001,0.040471,0.003147
9037,0.000153,0.038332,0.004225
9038,-0.0041140000000000005,0.038347000000000006,0.004195
9039,-0.001956,0.041544,0.00207
9040,-0.00088,0.041549,-5.9e-05
9041,0.002263,0.035121,0.006379999999999999
9042,0.001182,0.03299,0.007444
9043,0.001187,0.034055,0.007442
9044,0.001196,0.036185,0.00744
9045,0.0033350000000000003,0.037243,0.007453
9046,0.0033490000000000004,0.037256,0.004249
9047,-0.0019760000000000003,0.038344,0.0031420000000000003
9048,0.000149,0.038327999999999994,0.005293
9049,-0.000918,0.038332,0.005286
9050,-0.00198,0.036218,0.002076
9051,-0.00199,0.036209,0.004213000000000001
9052,-0.0040950000000000005,0.040486,0.0020559999999999997
9053,-0.001966,0.040475,0.003139
9054,-0.000904,0.039406000000000004,0.003148
9055,-0.003038,0.039413,0.003133
9056,-0.003042,0.039409,0.004201
9057,-0.0019850000000000002,0.037275,0.004211
9058,0.00015800000000000002,0.037276,0.00209
9059,-0.000904,0.039406000000000004,0.003148
9060,0.00015800000000000002,0.037276,0.00209
9061,-0.000918,0.038332,0.005286
9062,-0.0019850000000000002,0.037275,0.004211
9063,0.000144,0.036202,0.004228
9064,0.000144,0.036202,0.004228
9065,-0.0009130000000000001,0.037275,0.003151
9066,-0.000918,0.037271,0.004219
9067,0.000149,0.037267,0.004226
9068,-0.000918,0.037271,0.004219
9069,-0.000923,0.036206,0.004220000000000001
9070,-0.0019850000000000002,0.037275,0.004211
9071,-0.0019760000000000003,0.039405,0.004209
9072,-0.0019760000000000003,0.039405,0.004209
9073,-0.000909,0.03834,0.003149
9074,-0.000909,0.03834,0.003149
9075,0.00015800000000000002,0.039398,0.004224
9076,-0.003047,0.039405,0.005268999999999999
9077,-0.004109000000000001,0.039413,0.004194
9078,0.000197,0.043676,-5.5e-05
9079,0.001239,0.041529,0.00316
9080,0.001182,0.03299,0.007444
9081,0.001196,0.034063,0.005306
9082,0.000129,0.033006,0.004231
9083,0.001201,0.03619,0.006371
9084,0.004411,0.037248,0.005324000000000001
9085,0.00122,0.038329,0.004232
9086,0.000149,0.037267,0.004226
9087,0.000144,0.037263,0.005294
9088,-0.003047,0.038344,0.004202
9089,-0.004109000000000001,0.038352,0.003127
9090,-0.005181,0.038350999999999996,0.004188
9091,-0.0008939999999999999,0.041536000000000003,0.003145
9092,-0.0008990000000000001,0.03941,0.0020800000000000003
9093,-0.000909,0.03834,0.003149
9094,-0.003042,0.039409,0.004201
9095,-0.0009130000000000001,0.038336,0.004217
9096,-0.000909,0.037279,0.002082
9097,-0.000904,0.038345,0.002081
9098,-0.0019760000000000003,0.039405,0.004209
9099,-0.00198,0.03834,0.00421
9100,-0.0009130000000000001,0.037275,0.003151
9101,-0.0019850000000000002,0.037275,0.004211
9102,-0.004104,0.038356,0.002059
9103,-0.001971,0.038348,0.002074
9104,-0.003038,0.038352,0.002066
9105,-0.00409,0.040491,0.0009880000000000002
9106,-0.004085,0.040494999999999996,-8e-05
9107,-0.003023,0.039425999999999996,-7.2e-05
9108,-0.000909,0.037279,0.002082
9109,0.0012109999999999998,0.037259,0.005302
9110,0.005473,0.037239999999999995,0.0064
9111,0.006516,0.036154,0.010681
9112,0.002234,0.034033999999999995,0.011722
9113,0.000105,0.031924,0.008506
9114,0.0043630000000000006,0.029778,0.008537999999999999
9115,0.006502,0.034019,0.011752
9116,0.0033399999999999997,0.038308999999999996,0.007451999999999999
9117,-0.000909,0.041523000000000004,0.00635
9118,-0.0040950000000000005,0.041547,0.003123
9119,-0.000866,0.046867,0.00207
9120,0.005531,0.044718,0.00105
9121,0.000149,0.037267,0.004226
9122,-0.005195,0.035155,0.004192
9123,-0.004138,0.037265,0.008468999999999999
9124,-0.003052,0.042582999999999996,0.009538
9125,0.00016299999999999998,0.041524,0.005289
9126,-0.0008939999999999999,0.039414,0.001011
9127,-0.001956,0.038361,-0.001131
9128,-0.001961,0.039418,0.001004
9129,-0.001961,0.040479,0.002071
9130,-0.00409,0.038369,-0.001146
9131,-0.005162,0.038368,-8.499999999999999e-05
9132,-0.005167000000000001,0.039425,0.00205
9133,-0.0030280000000000003,0.042605000000000004,0.004197
9134,-0.004104,0.039417,0.003125
9135,-0.003057,0.037274,0.005272
9136,-0.0019850000000000002,0.038336,0.005278
9137,-0.0009130000000000001,0.038336,0.004217
9138,-0.000909,0.039401,0.004215999999999999
9139,0.001225,0.038333,0.003164
9140,-0.000909,0.037279,0.002082
9141,0.000149,0.036206,0.003159
9142,-0.000918,0.037271,0.004219
9143,-0.003062,0.03727,0.00634
9144,0.000153,0.039393,0.005292
9145,-0.0009130000000000001,0.039397,0.0052840000000000005
9146,-0.003047,0.039405,0.005268999999999999
9147,-0.0019760000000000003,0.040466,0.005275
9148,-0.003042,0.038348,0.003134
9149,-0.003042,0.038348,0.003134
9150,-0.000904,0.038345,0.002081
9151,-0.000904,0.040467,0.004215
9152,-0.000904,0.039406000000000004,0.003148
9153,-0.001971,0.038348,0.002074
9154,-0.003042,0.037287,0.0020670000000000003
9155,-0.000904,0.040467,0.004215
9156,-0.0019850000000000002,0.038336,0.005278
9157,-0.003052,0.038339,0.0052710000000000005
9158,-0.001956,0.041544,0.00207
9159,-0.000889,0.041541,0.002077
9160,0.000125,0.034063,0.006367
9161,0.001201,0.034068,0.0042380000000000004
9162,0.0033299999999999996,0.032995,0.004254
9163,0.0033350000000000003,0.036182,0.006386
9164,0.002287,0.039386000000000004,0.005307
9165,0.001215,0.037263,0.004234
9166,-0.000918,0.037271,0.004219
9167,-0.001966,0.040475,0.003139
9168,-0.00198,0.039401,0.0052770000000000004
9169,-0.003057,0.035151999999999996,0.0031379999999999997
9170,-0.005181,0.036229000000000004,0.002054
9171,-0.000909,0.037279,0.002082
9172,0.00123,0.039398,0.003163
9173,0.00016299999999999998,0.03728,0.0010220000000000001
9174,-0.004104,0.039417,0.003125
9175,-0.003057,0.037274,0.005272
9176,-0.0009130000000000001,0.039397,0.0052840000000000005
9177,-0.003038,0.040474,0.0042
9178,-0.005171,0.039421,0.003118
9179,-0.0019850000000000002,0.036213999999999996,0.003144
9180,-0.000918,0.037271,0.004219
9181,-0.0019850000000000002,0.036213999999999996,0.003144
9182,-0.001966,0.038353,0.001005
9183,-0.001971,0.038348,0.002074
9184,-0.0008990000000000001,0.03941,0.0020800000000000003
9185,-0.0008849999999999999,0.042606,0.002076
9186,-0.003018,0.042613,0.002061
9187,-0.004085,0.043677999999999995,0.00312
9188,-0.005147,0.043686,0.002045
9189,-0.006209,0.043694,0.0009689999999999999
9190,-0.004071,0.043691,-8.4e-05
9191,-0.003009,0.043683,0.000991
9192,-0.0062,0.044763,-0.000101
9193,-0.004065999999999999,0.044756,-8.6e-05
9194,-0.005152,0.043682,0.003113
9195,-0.007271,0.044763,0.0009599999999999999
9196,-0.004037,0.049026,-0.002227
9197,-0.006176,0.049029,-0.001174
9198,-0.0040950000000000005,0.041547,0.003123
9199,-0.00409,0.043674,0.004188
9200,-0.003023,0.042608999999999994,0.003129
9201,-0.001947,0.045797000000000004,0.004201
9202,-0.002999,0.045813,0.000989
9203,-0.0019320000000000001,0.044749000000000004,-7.099999999999999e-05
9204,-0.001923,0.046879000000000004,-7.4e-05
9205,-0.002999,0.044752,-7.8e-05
9206,-0.005143,0.04369,0.000976
9207,-0.006219,0.041563,0.0009720000000000001
9208,-0.006209,0.042633,-9.8e-05
9209,-0.006209,0.043694,0.0009689999999999999
9210,-0.0051329999999999995,0.04476,-9.300000000000001e-05
9211,-0.004079999999999999,0.042621,0.000985
9212,-0.004076,0.042625,-8.3e-05
9213,-0.0008849999999999999,0.041545,0.001009
9214,0.000177,0.041537,0.002084
9215,-0.0008939999999999999,0.039414,0.001011
9216,-0.001961,0.039418,0.001004
9217,-0.003023,0.040487,0.000995
9218,-0.000918,0.038332,0.005286
9219,-0.0020039999999999997,0.033014,0.004217
9220,-0.0019850000000000002,0.038336,0.005278
9221,-0.0019760000000000003,0.039405,0.004209
9222,0.000139,0.035137,0.004229
9223,0.002268,0.035125,0.005312
9224,0.000153,0.03621,0.002091
9225,-0.00198,0.036218,0.002076
9226,0.000139,0.035137,0.004229
9227,0.000139,0.035137,0.004229
9228,-0.000933,0.035136,0.0052899999999999996
9229,-0.002009,0.034069999999999996,0.006352
9230,0.001191,0.03512,0.007441
9231,0.0033350000000000003,0.036182,0.006386
9232,-0.0009130000000000001,0.038336,0.004217
9233,0.001182,0.03299,0.007444
9234,-0.0009570000000000001,0.030871,0.006363000000000001
9235,0.0011769999999999999,0.029802,0.005311
9236,0.000129,0.033006,0.004231
9237,-0.001966,0.039414,0.002072
9238,-0.001956,0.040483,0.001003
9239,-0.004079999999999999,0.039438,-0.002215
9240,-0.001956,0.039422000000000006,-6.4e-05
9241,-0.001961,0.040479,0.002071
9242,-0.007319,0.035171,0.0020399999999999997
9243,-0.003047,0.035161000000000005,0.0010019999999999999
9244,-0.003062,0.034087,0.00314
9245,0.001191,0.032998,0.005307
9246,0.0033299999999999996,0.034056,0.005321
9247,0.005454,0.035101,0.008539
9248,0.006516,0.034032,0.008548
9249,0.00865,0.034025,0.008563
9250,0.0054399999999999995,0.032966,0.009609999999999999
9251,0.004378,0.034035,0.009601
9252,0.00223,0.031908,0.010657
9253,0.0011769999999999999,0.034046,0.009579
9254,0.003311,0.0351,0.01066
9255,-0.0009519999999999999,0.035119,0.009562000000000001
9256,0.001196,0.036185,0.00744
9257,0.002278,0.036194,0.004242
9258,-0.0009130000000000001,0.037275,0.003151
9259,0.00016299999999999998,0.038341,0.002088
9260,0.001225,0.037272,0.002097
9261,-0.003038,0.038352,0.002066
9262,-0.000909,0.03834,0.003149
9263,-0.005171,0.039421,0.003118
9264,-0.007305,0.037306,0.0009689999999999999
9265,-0.004076,0.041564,-0.00115
9266,-0.000909,0.03834,0.003149
9267,-0.003081,0.031948000000000004,0.005279
9268,-0.002,0.034079000000000005,0.004215
9269,-0.0009279999999999999,0.03514,0.004221
9270,0.000153,0.038332,0.004225
9271,0.00123,0.038337,0.002096
9272,-0.001966,0.038353,0.001005
9273,-0.000909,0.037279,0.002082
9274,0.002278,0.037255,0.005309
9275,-0.0020039999999999997,0.034075,0.0052829999999999995
9276,-0.003076,0.033013,0.0052770000000000004
9277,-0.000942,0.034067,0.006359
9278,0.000144,0.038324000000000004,0.006361
9279,0.001206,0.037255,0.006370000000000001
9280,-0.0009130000000000001,0.039397,0.0052840000000000005
9281,-0.000918,0.037271,0.004219
9282,0.002282,0.03726,0.004241
9283,0.002278,0.038316,0.006376
9284,0.000149,0.038327999999999994,0.005293
9285,0.000139,0.036198,0.005296
9286,0.001201,0.03619,0.006371
9287,-0.000942,0.035128,0.007426
9288,-0.000933,0.036197,0.0063560000000000005
9289,0.000134,0.036193,0.006364
9290,0.000139,0.03832,0.007429000000000001
9291,-0.0009130000000000001,0.039397,0.0052840000000000005
9292,0.000153,0.037271,0.0031579999999999998
9293,0.00015800000000000002,0.039398,0.004224
9294,-0.0008939999999999999,0.041536000000000003,0.003145
9295,-0.001971,0.039409,0.00314
9296,-0.005181,0.038350999999999996,0.004188
9297,-0.004076,0.042625,-8.3e-05
9298,-0.0008849999999999999,0.041545,0.001009
9299,-0.002,0.03514,0.005282
9300,-0.003057,0.035151999999999996,0.0031379999999999997
9301,-0.003052,0.037278,0.004204
9302,0.000144,0.038324000000000004,0.006361
9303,0.0033590000000000004,0.039387,0.004246
9304,0.00016299999999999998,0.038341,0.002088
9305,-0.000909,0.037279,0.002082
9306,-0.000909,0.037279,0.002082
9307,-0.000904,0.038345,0.002081
9308,-0.005195,0.035155,0.004192
9309,-0.005181,0.03729,0.003121
9310,-0.001966,0.040475,0.003139
9311,-0.000909,0.039401,0.004215999999999999
9312,-0.00198,0.03834,0.00421
9313,0.001225,0.040455,0.005298
9314,0.002278,0.038316,0.006376
9315,0.002282,0.03726,0.004241
9316,0.00122,0.038329,0.004232
9317,0.000139,0.036198,0.005296
9318,0.000129,0.036189,0.007431999999999999
9319,0.000134,0.036193,0.006364
9320,-0.00199,0.036209,0.004213000000000001
9321,-0.000918,0.038332,0.005286
9322,-0.003047,0.038344,0.004202
9323,-0.0030280000000000003,0.041544,0.00313
9324,-0.003023,0.042608999999999994,0.003129
9325,-0.003018,0.041552,0.0009939999999999999
9326,-0.003018,0.040491,-7.3e-05
9327,-0.001971,0.039409,0.00314
9328,-0.006257,0.035163,0.003116
9329,-0.001947,0.041553,-6.7e-05
9330,-0.0030329999999999997,0.039417,0.002065
9331,-0.000942,0.034067,0.006359
9332,-0.0041329999999999995,0.035147000000000005,0.005267
9333,-0.00199,0.036209,0.004213000000000001
9334,0.0012109999999999998,0.039381,0.007436
9335,0.001225,0.040455,0.005298
9336,-0.000904,0.038345,0.002081
9337,-0.000909,0.03834,0.003149
9338,0.001215,0.037263,0.004234
9339,0.001196,0.036185,0.00744
9340,-0.003066,0.034082999999999995,0.004208
9341,-0.00198,0.03834,0.00421
9342,-0.0009130000000000001,0.039397,0.0052840000000000005
9343,0.00122,0.038329,0.004232
9344,-0.003052,0.037278,0.004204
9345,-0.003038,0.040474,0.0042
9346,-0.000918,0.037271,0.004219
9347,-0.0008990000000000001,0.041532,0.004213000000000001
9348,-0.0030280000000000003,0.040483,0.0020629999999999997
9349,-0.0030280000000000003,0.039422000000000006,0.000997
9350,0.00015800000000000002,0.039398,0.004224
9351,-0.003047,0.036222000000000004,0.002069
9352,0.000144,0.036202,0.004228
9353,0.000139,0.035137,0.004229
9354,-0.003057,0.036213,0.0042049999999999995
9355,-0.00198,0.03834,0.00421
9356,-0.003047,0.039405,0.005268999999999999
9357,-0.000909,0.03834,0.003149
9358,-0.0040950000000000005,0.039425,0.000989
9359,-0.003023,0.041548,0.002062
9360,-0.0040950000000000005,0.039425,0.000989
9361,-0.003009,0.042622,-7.6e-05
9362,-0.000842,0.049010000000000005,-0.001137
9363,0.000173,0.042594,0.004220000000000001
9364,-0.0019760000000000003,0.039405,0.004209
9365,-0.0019760000000000003,0.039405,0.004209
9366,-0.000904,0.041527999999999995,0.005282
9367,-0.003014,0.045801,0.004193
9368,-0.002999,0.046874,0.002055
9369,-0.0051329999999999995,0.045821,0.000974
9370,-0.004065999999999999,0.044756,-8.6e-05
9371,-0.004065999999999999,0.044756,-8.6e-05
9372,-0.0062,0.044763,-0.000101
9373,-0.007262,0.044771,-0.001176
9374,-0.00619,0.045833,-0.00117
9375,-0.002994,0.045818,-8e-05
9376,-0.007267,0.044767,-0.00010800000000000001
9377,-0.0051329999999999995,0.04476,-9.300000000000001e-05
9378,-0.006209,0.044755,0.002036
9379,-0.002999,0.046874,0.002055
9380,-0.006209,0.043694,0.0009689999999999999
9381,-0.0062,0.045824000000000004,0.0009660000000000001
9382,-0.0062,0.043702,-0.001168
9383,-0.0051329999999999995,0.043699,-0.00116
9384,-0.004085,0.041556,0.000986
9385,-0.005143,0.042629,-9.1e-05
9386,-0.006205,0.042637,-0.001166
9387,-0.004061,0.04476,-0.0011539999999999999
9388,-0.004071,0.044752,0.000982
9389,-0.0019420000000000001,0.043679,0.000999
9390,-0.0051329999999999995,0.043699,-0.00116
9391,-0.005138,0.042633,-0.001159
9392,-0.006219,0.042624,0.002038
9393,-0.005147,0.042625,0.000978
9394,-0.000851,0.047941000000000004,-6.7e-05
9395,-0.001966,0.038353,0.001005
9396,-0.00199,0.035148,0.003146
9397,-0.000933,0.034075,0.004222999999999999
9398,0.001201,0.03619,0.006371
9399,0.005469,0.036175,0.0064010000000000004
9400,0.004392,0.034048,0.006396
9401,0.0033200000000000005,0.031925,0.005323
9402,0.002239,0.029794,0.0063869999999999994
9403,0.004372999999999999,0.031909,0.008535
9404,-0.0009710000000000001,0.028736,0.0074340000000000005
9405,-0.0009570000000000001,0.030871,0.006363000000000001
9406,0.002254,0.034051,0.00745
9407,0.002258,0.034055,0.006381
9408,0.0033350000000000003,0.032999,0.003186
9409,0.002258,0.031932999999999996,0.004248
9410,0.0022489999999999997,0.032986,0.007451
9411,0.0022440000000000003,0.030860000000000002,0.006385
9412,0.00011999999999999999,0.031937,0.005301
9413,0.00011999999999999999,0.032998,0.006368
9414,0.00011499999999999999,0.030871,0.005302
9415,9.6e-05,0.029793,0.008508
9416,0.000105,0.031924,0.008506
9417,0.002234,0.029789999999999997,0.007455
9418,0.000105,0.030862999999999998,0.007439
9419,0.001187,0.032994,0.006375
9420,0.001191,0.034059,0.006374
9421,0.001196,0.034063,0.005306
9422,-0.0009279999999999999,0.03514,0.004221
9423,0.000139,0.036198,0.005296
9424,-0.003071,0.035139,0.006343
9425,0.000139,0.036198,0.005296
9426,0.0033640000000000002,0.039391,0.0031780000000000003
9427,0.001187,0.032994,0.006375
9428,0.00011,0.031928,0.007437
9429,0.0033060000000000003,0.032974,0.009595000000000001
9430,0.004382,0.034039,0.008533
9431,0.002254,0.034051,0.00745
9432,0.0033439999999999998,0.037252,0.0053170000000000005
9433,-0.0009130000000000001,0.037275,0.003151
9434,0.000149,0.036206,0.003159
9435,0.002268,0.036186,0.006379
9436,-0.002,0.036201,0.0063490000000000005
9437,-0.006257,0.036224,0.004183
9438,-0.000909,0.03834,0.003149
9439,-0.000904,0.040467,0.004215
9440,-0.003042,0.038348,0.003134
9441,-0.0041140000000000005,0.036225,0.002061
9442,0.001215,0.037263,0.004234
9443,0.000134,0.035132,0.005297
9444,-0.000918,0.037271,0.004219
9445,0.00015800000000000002,0.038337,0.003157
9446,-0.002,0.036201,0.0063490000000000005
9447,-0.003062,0.035148,0.0042060000000000005
9448,-0.001995,0.035144,0.004214
9449,0.000144,0.035141000000000006,0.0031609999999999997
9450,0.000144,0.036202,0.004228
9451,0.000153,0.037271,0.0031579999999999998
9452,-0.0019760000000000003,0.038344,0.0031420000000000003
9453,-0.0019850000000000002,0.036213999999999996,0.003144
9454,0.000173,0.040472,0.0020859999999999997
9455,0.000168,0.040467,0.003154
9456,-0.003052,0.038339,0.0052710000000000005
9457,-0.001966,0.039414,0.002072
9458,0.00018700000000000002,0.042606,0.001015
9459,0.001196,0.035124,0.006372999999999999
9460,-0.0009369999999999999,0.036193,0.007425
9461,-0.000933,0.035136,0.0052899999999999996
9462,0.001201,0.035129,0.005304
9463,0.0033350000000000003,0.037243,0.007453
9464,0.0012109999999999998,0.037259,0.005302
9465,0.00015800000000000002,0.036215,0.001023
9466,0.00122,0.037268,0.003165
9467,-0.0009130000000000001,0.039397,0.0052840000000000005
9468,-0.004118999999999999,0.036220999999999996,0.003129
9469,-0.006248,0.037294,0.003113
9470,-0.005167000000000001,0.040486,0.003117
9471,-0.0030280000000000003,0.040483,0.0020629999999999997
9472,-0.000909,0.03834,0.003149
9473,-0.001961,0.040479,0.002071
9474,-0.003042,0.039409,0.004201
9475,-0.00198,0.037279,0.003143
9476,-0.000909,0.03834,0.003149
9477,-0.001966,0.039414,0.002072
9478,-0.001971,0.037287,0.001007
9479,-0.000918,0.037271,0.004219
9480,-0.000918,0.037271,0.004219
9481,-0.003062,0.035148,0.0042060000000000005
9482,-0.001995,0.035144,0.004214
9483,-0.000909,0.039401,0.004215999999999999
9484,-0.001971,0.039409,0.00314
9485,-0.003038,0.038352,0.002066
9486,-0.003042,0.038348,0.003134
9487,0.00015800000000000002,0.038337,0.003157
9488,-0.0008990000000000001,0.040471,0.003147
9489,-0.000909,0.039401,0.004215999999999999
9490,-0.004128,0.036213,0.005266
9491,-0.001966,0.041536000000000003,0.0042060000000000005
9492,-0.00088,0.04261,0.001007
9493,-0.003076,0.035135,0.007411
9494,0.000134,0.036193,0.006364
9495,0.000144,0.036202,0.004228
9496,0.002273,0.037251,0.006377000000000001
9497,0.002282,0.038321,0.005308
9498,0.002297,0.038334,0.0021030000000000003
9499,0.00016299999999999998,0.038341,0.002088
9500,0.000149,0.036206,0.003159
9501,0.000153,0.038332,0.004225
9502,-0.004128,0.036213,0.005266
9503,-0.005186,0.036225,0.0031219999999999998
9504,-0.001971,0.039409,0.00314
9505,0.00016299999999999998,0.039402,0.0031550000000000003
9506,-0.003038,0.038352,0.002066
9507,-0.0030329999999999997,0.039417,0.002065
9508,-0.000909,0.03834,0.003149
9509,-0.000909,0.039401,0.004215999999999999
9510,-0.003038,0.039413,0.003133
9511,-0.000904,0.037284,0.0010140000000000001
9512,-0.000923,0.036206,0.004220000000000001
9513,-0.000923,0.036206,0.004220000000000001
9514,-0.0019850000000000002,0.037275,0.004211
9515,-0.0019850000000000002,0.037275,0.004211
9516,-0.000918,0.038332,0.005286
9517,-0.003042,0.038348,0.003134
9518,-0.001961,0.040479,0.002071
9519,-0.003018,0.043674,0.003128
9520,-0.005147,0.042625,0.000978
9521,-0.005128,0.044764,-0.001161
9522,-0.005138,0.044755,0.000975
9523,-0.004061,0.045821,-8.7e-05
9524,-0.004085,0.043677999999999995,0.00312
9525,-0.006214,0.04369,0.002037
9526,-0.007267,0.044767,-0.00010800000000000001
9527,-0.005104,0.049029,-0.002235
9528,-0.001961,0.04154,0.0031379999999999997
9529,-0.003038,0.040474,0.0042
9530,-0.0030280000000000003,0.041544,0.00313
9531,-0.0030280000000000003,0.042605000000000004,0.004197
9532,-0.003014,0.045801,0.004193
9533,-0.004071,0.044752,0.000982
9534,-0.004052,0.046891,-0.001157
9535,-0.001923,0.045818,-0.00114
9536,-0.002994,0.045818,-8e-05
9537,-0.007276,0.043698,0.0009609999999999999
9538,-0.009405,0.043709,-0.000122
9539,-0.007262,0.045832,-0.000109
9540,-0.006185,0.046898,-0.001172
9541,-0.007248,0.046906,-0.002247
9542,-0.007248,0.046906,-0.002247
9543,-0.004061,0.045821,-8.7e-05
9544,-0.0030039999999999997,0.044748,0.00099
9545,-0.005128,0.044764,-0.001161
9546,-0.0051329999999999995,0.043699,-0.00116
9547,-0.004061,0.045821,-8.7e-05
9548,-0.005138,0.044755,0.000975
9549,-0.005143,0.04369,0.000976
9550,-0.004076,0.044747,0.0020510000000000003
9551,-0.0062,0.044763,-0.000101
9552,-0.004079999999999999,0.042621,0.000985
9553,-0.0051329999999999995,0.045821,0.000974
9554,-0.0051329999999999995,0.043699,-0.00116
9555,-0.003014,0.041556,-7.4e-05
9556,-0.001966,0.040475,0.003139
9557,-0.001971,0.038348,0.002074
9558,-0.0019850000000000002,0.038336,0.005278
9559,0.000134,0.034071,0.004229999999999999
9560,0.000134,0.036193,0.006364
9561,0.001215,0.036202,0.003167
9562,0.001206,0.035133,0.004236
9563,0.002225,0.028720999999999997,0.008525
9564,0.0033009999999999997,0.030847000000000003,0.008529
9565,0.007554000000000001,0.028698,0.00963
9566,0.006502,0.031897,0.009618999999999999
9567,0.004378,0.031913,0.0074670000000000005
9568,0.002254,0.031929,0.0053159999999999995
9569,0.00011999999999999999,0.031937,0.005301
9570,0.003325,0.032991,0.0053219999999999995
9571,0.00011,0.031928,0.007437
9572,-0.0009570000000000001,0.031932,0.00743
9573,0.00011999999999999999,0.031937,0.005301
9574,0.001196,0.033002,0.004239
9575,0.001201,0.033007,0.003171
9576,0.000125,0.033002,0.0053
9577,-0.0020039999999999997,0.033014,0.004217
9578,0.001182,0.031929,0.006377000000000001
9579,0.0033159999999999995,0.030860000000000002,0.005325
9580,0.002258,0.034055,0.006381
9581,0.001182,0.030868,0.0053100000000000005
9582,0.001182,0.031929,0.006377000000000001
9583,0.0022440000000000003,0.030860000000000002,0.006385
9584,0.00011999999999999999,0.032998,0.006368
9585,-0.0009570000000000001,0.031932,0.00743
9586,0.000125,0.033002,0.0053
9587,0.001196,0.034063,0.005306
9588,0.000144,0.036202,0.004228
9589,0.001201,0.034068,0.0042380000000000004
9590,-0.0009279999999999999,0.03514,0.004221
9591,0.000153,0.037271,0.0031579999999999998
9592,-0.000923,0.036206,0.004220000000000001
9593,-0.002009,0.035131,0.007418999999999999
9594,-0.000923,0.036206,0.004220000000000001
9595,0.002282,0.038321,0.005308
9596,0.004372999999999999,0.030848,0.007469
9597,0.00223,0.029786,0.008523000000000001
9598,0.004368,0.029782999999999997,0.00747
9599,0.004368,0.031905,0.009604000000000001
9600,0.005454,0.035101,0.008539
9601,0.001201,0.03619,0.006371
9602,0.000139,0.036198,0.005296
9603,0.000144,0.037263,0.005294
9604,-0.000918,0.037271,0.004219
9605,-0.003052,0.036217,0.003137
9606,-0.00731,0.036241,0.0009710000000000001
9607,-0.005143,0.040507,-0.002224
9608,-0.005128,0.041581,-0.0043619999999999996
9609,-0.0019370000000000001,0.041561,-0.002203
9610,-0.004085,0.041556,0.000986
9611,-0.0030280000000000003,0.041544,0.00313
9612,-0.000918,0.037271,0.004219
9613,-0.000923,0.037267,0.005287
9614,-0.002,0.038323,0.008483
9615,-0.0041329999999999995,0.036208,0.006334
9616,0.000129,0.034067,0.005298
9617,-0.001995,0.035144,0.004214
9618,-0.00199,0.03727,0.005279
9619,0.00123,0.038337,0.002096
9620,0.000168,0.039406000000000004,0.0020870000000000003
9621,-0.004085,0.040494999999999996,-8e-05
9622,-0.004071,0.04263,-0.001151
9623,-0.004104,0.039417,0.003125
9624,-0.0073,0.039432,0.0020350000000000004
9625,-0.003038,0.037291000000000005,0.000999
9626,-0.0041,0.040482,0.003124
9627,-0.004124,0.037278,0.005265
9628,0.000173,0.042594,0.004220000000000001
9629,0.005516,0.045766,0.005321
9630,0.00864,0.035077,0.011766
9631,0.006492,0.030827999999999998,0.010688
9632,0.007554000000000001,0.028698,0.00963
9633,0.009683,0.029747000000000003,0.01178
9634,0.006487000000000001,0.034006,0.014957
9635,0.0033159999999999995,0.037226,0.011726
9636,-0.0019850000000000002,0.038336,0.005278
9637,-0.001971,0.038348,0.002074
9638,-0.0019420000000000001,0.043679,0.000999
9639,-0.005128,0.043703,-0.002228
9640,-0.007267,0.043706,-0.001175
9641,-0.010458,0.042664999999999995,-0.0044009999999999995
9642,-0.008329000000000001,0.043713999999999996,-0.002251
9643,-0.008348000000000001,0.041575,-0.00011200000000000001
9644,-0.005171,0.040482,0.004185
9645,-0.00198,0.03834,0.00421
9646,-0.001995,0.035144,0.004214
9647,-0.000918,0.03621,0.003152
9648,0.001215,0.037263,0.004234
9649,0.001201,0.034068,0.0042380000000000004
9650,-0.003057,0.034091,0.002071
9651,-0.003042,0.036226,0.001001
9652,-0.0030280000000000003,0.039422000000000006,0.000997
9653,-0.006233,0.039429,0.002042
9654,-0.001952,0.043670999999999995,0.003135
9655,-0.0040950000000000005,0.041547,0.003123
9656,-0.001971,0.04047,0.004207
9657,0.000134,0.035132,0.005297
9658,0.000134,0.034071,0.004229999999999999
9659,0.000134,0.034071,0.004229999999999999
9660,0.001191,0.03512,0.007441
9661,0.000134,0.036193,0.006364
9662,0.003368,0.041517,0.004243
9663,0.0033729999999999997,0.042582,0.004242
9664,0.001187,0.034055,0.007442
9665,-0.000918,0.03621,0.003152
9666,0.000144,0.037263,0.005294
9667,0.001206,0.040438,0.009571
9668,0.002278,0.040438999999999996,0.00851
9669,0.000139,0.040442,0.009563
9670,0.000144,0.037263,0.005294
9671,0.0033439999999999998,0.037252,0.0053170000000000005
9672,0.000149,0.037267,0.004226
9673,-0.001995,0.036205,0.005281
9674,-0.000909,0.03834,0.003149
9675,0.00122,0.038329,0.004232
9676,0.00015800000000000002,0.039398,0.004224
9677,-0.006233,0.042612,0.005243
9678,-0.005157,0.041555,0.0020469999999999998
9679,-0.000918,0.03621,0.003152
9680,-0.000909,0.039401,0.004215999999999999
9681,-0.005157,0.041555,0.0020469999999999998
9682,-0.006224,0.041559,0.0020399999999999997
9683,-0.003023,0.041548,0.002062
9684,-0.003018,0.043674,0.003128
9685,-0.007271,0.044763,0.0009599999999999999
9686,-0.007276,0.042637,-0.000105
9687,-0.006214,0.041568,-9.7e-05
9688,-0.005147,0.042625,0.000978
9689,-0.0072569999999999996,0.046898,-0.00011100000000000001
9690,-0.007248,0.047967,-0.00118
9691,-0.005123,0.045829,-0.001163
9692,-0.005118999999999999,0.047956,-9.7e-05
9693,-0.007252,0.046902,-0.001179
9694,-0.007267,0.045828,0.000959
9695,-0.002999,0.043691,-0.001145
9696,-0.0019039999999999999,0.047957,-0.003279
9697,-0.004061,0.046882,0.00098
9698,-0.005167000000000001,0.042608,0.00525
9699,-0.005162,0.041551,0.0031149999999999997
9700,0.00016299999999999998,0.039402,0.0031550000000000003
9701,0.000177,0.042598000000000004,0.003151
9702,-0.0019320000000000001,0.048993,0.004197
9703,-0.001923,0.047939999999999997,0.000993
9704,-0.00619,0.045833,-0.00117
9705,-0.005128,0.044764,-0.001161
9706,-0.005123,0.045829,-0.001163
9707,-0.011534,0.042660000000000003,-0.0022719999999999997
9708,-0.009372,0.046922000000000005,-0.004398
9709,-0.011501,0.047994999999999996,-0.004415
9710,-0.011496,0.050121,-0.0033490000000000004
9711,-0.011491,0.050125,-0.004417
9712,-0.010434,0.049052,-0.0033399999999999997
9713,-0.009372,0.046922000000000005,-0.004398
9714,-0.010448,0.043733999999999995,-0.00547
9715,-0.009367,0.044804000000000004,-0.0076
9716,-0.007238,0.044793,-0.006517
9717,-0.007262,0.04371,-0.0022429999999999998
9718,-0.006209,0.043694,0.0009689999999999999
9719,-0.003018,0.040491,-7.3e-05
9720,-0.0019760000000000003,0.037283,0.002075
9721,0.000149,0.036206,0.003159
9722,0.0033299999999999996,0.035117,0.0063880000000000004
9723,0.004378,0.032974,0.008534
9724,0.005454,0.035101,0.008539
9725,0.004372999999999999,0.03297,0.009602
9726,0.002225,0.032964999999999994,0.012792
9727,0.002239,0.034038,0.010654
9728,0.0033399999999999997,0.038308999999999996,0.007451999999999999
9729,0.002268,0.036186,0.006379
9730,0.001163,0.029789999999999997,0.008516
9731,0.004372999999999999,0.031909,0.008535
9732,0.007554000000000001,0.029758999999999997,0.010697
9733,0.007559000000000001,0.031885000000000004,0.011762
9734,0.004386999999999999,0.034044,0.007465
9735,0.003325,0.032991,0.0053219999999999995
9736,0.0022489999999999997,0.031925,0.006384
9737,0.002254,0.03299,0.006383
9738,0.00011,0.03405,0.009571
9739,-0.0009570000000000001,0.031932,0.00743
9740,-0.000933,0.035136,0.0052899999999999996
9741,-0.0009369999999999999,0.034071,0.005291
9742,0.000134,0.034071,0.004229999999999999
9743,0.000134,0.035132,0.005297
9744,-0.0009279999999999999,0.034079000000000005,0.0031550000000000003
9745,0.002268,0.034064,0.0042450000000000005
9746,0.001187,0.031932999999999996,0.005308
9747,0.000125,0.033002,0.0053
9748,0.00011499999999999999,0.030871,0.005302
9749,0.001187,0.031932999999999996,0.005308
9750,-0.0009609999999999999,0.029806,0.006364
9751,-0.0009570000000000001,0.029810000000000003,0.005296
9752,0.00011999999999999999,0.032998,0.006368
9753,0.000125,0.034063,0.006367
9754,0.001191,0.032998,0.005307
9755,0.002263,0.031938,0.00318
9756,0.001215,0.035141000000000006,0.0021
9757,0.0012109999999999998,0.035137,0.003168
9758,-0.000942,0.033006,0.005292
9759,-0.000947,0.033001,0.00636
9760,0.0033539999999999998,0.039382,0.005314
9761,0.007564,0.031889,0.010694
9762,0.005397,0.026562,0.012822
9763,0.005397,0.026562,0.012822
9764,0.00433,0.026566000000000003,0.012815
9765,0.006497,0.032954000000000004,0.011754
9766,0.005449,0.037219,0.011741
9767,0.0033350000000000003,0.039365,0.009587
9768,-0.000909,0.03834,0.003149
9769,-0.000909,0.037279,0.002082
9770,-0.000909,0.039401,0.004215999999999999
9771,-0.007295,0.039437,0.000967
9772,-0.007276,0.040514999999999995,-0.002239
9773,-0.0062,0.042641000000000005,-0.002234
9774,-0.005147,0.042625,0.000978
9775,-0.0041,0.041543000000000004,0.004190999999999999
9776,-0.0019760000000000003,0.040466,0.005275
9777,0.0012109999999999998,0.037259,0.005302
9778,-0.000923,0.036206,0.004220000000000001
9779,-0.000923,0.036206,0.004220000000000001
9780,0.000139,0.035137,0.004229
9781,-0.000933,0.034075,0.004222999999999999
9782,-0.000942,0.033006,0.005292
9783,0.000129,0.034067,0.005298
9784,-0.00199,0.036209,0.004213000000000001
9785,-0.001966,0.039414,0.002072
9786,-0.000904,0.038345,0.002081
9787,0.000153,0.037271,0.0031579999999999998
9788,0.00123,0.039398,0.003163
9789,-0.000923,0.038327999999999994,0.006354
9790,-0.000942,0.034067,0.006359
9791,0.002278,0.036194,0.004242
9792,0.0065450000000000005,0.039363,0.0074730000000000005
9793,0.00223,0.032969,0.011724
9794,0.002234,0.032973,0.010656
9795,0.00011999999999999999,0.032998,0.006368
9796,0.003325,0.035113,0.007456
9797,0.000139,0.037259,0.006363000000000001
9798,-0.000889,0.042602,0.003144
9799,-0.007262,0.046893000000000004,0.0009570000000000001
9800,-0.007267,0.045828,0.000959
9801,-0.012591,0.042672,-0.004416
9802,-0.013663,0.038428,-0.007622
9803,-0.010462,0.038417,-0.0076
9804,-0.007271,0.043702,-0.00010700000000000001
9805,-0.003018,0.046856999999999996,0.006328
9806,-0.003018,0.041552,0.0009939999999999999
9807,-0.0030280000000000003,0.038361,-7e-05
9808,-0.003057,0.033030000000000004,0.001005
9809,-0.0009369999999999999,0.031949,0.003157
9810,-0.002,0.03514,0.005282
9811,-0.003057,0.037274,0.005272
9812,0.0012109999999999998,0.035137,0.003168
9813,-0.0009130000000000001,0.038336,0.004217
9814,0.00015800000000000002,0.038337,0.003157
9815,0.001225,0.038333,0.003164
9816,0.0033539999999999998,0.038321,0.004247
9817,0.002268,0.037247,0.0074459999999999995
9818,0.001196,0.038307,0.009573
9819,0.001191,0.036181,0.008508
9820,0.000129,0.036189,0.007431999999999999
9821,0.002263,0.038304000000000005,0.009581000000000001
9822,-0.003071,0.037261,0.008477
9823,-0.001966,0.039414,0.002072
9824,0.001254,0.042602999999999995,0.0010220000000000001
9825,0.002268,0.035125,0.005312
9826,0.00015800000000000002,0.039398,0.004224
9827,-0.000909,0.039401,0.004215999999999999
9828,0.001215,0.037263,0.004234
9829,0.001215,0.038324000000000004,0.0053
9830,-0.000923,0.037267,0.005287
9831,-0.0019850000000000002,0.038336,0.005278
9832,0.0012109999999999998,0.03832,0.006369
9833,0.000149,0.039389,0.00636
9834,-0.0030329999999999997,0.041539,0.0041979999999999995
9835,-0.006214,0.041568,-9.7e-05
9836,-0.000875,0.044736,0.002073
9837,-0.0008699999999999999,0.044741,0.001005
9838,-0.002999,0.044752,-7.8e-05
9839,-0.005147,0.042625,0.000978
9840,-0.007286,0.041567,0.000964
9841,-0.008353,0.041571,0.0009570000000000001
9842,-0.0094,0.043713999999999996,-0.00119
9843,-0.009391,0.046905,-0.000126
9844,-0.00619,0.046894,-0.000103
9845,-0.004065999999999999,0.042634,-0.002219
9846,-0.0019320000000000001,0.043688,-0.0011380000000000001
9847,-0.003014,0.040494999999999996,-0.001141
9848,-0.005152,0.04156,0.0009789999999999998
9849,-0.006205,0.044759,0.000968
9850,-0.0062,0.045824000000000004,0.0009660000000000001
9851,-0.005128,0.045825,-9.499999999999999e-05
9852,-0.006195,0.044768,-0.001169
9853,-0.007252,0.045841,-0.002246
9854,-0.008324,0.047962,0.000949
9855,-0.008324,0.047962,0.000949
9856,-0.006157,0.051168,-0.0033130000000000004
9857,-0.006138,0.05330700000000001,-0.005452
9858,-0.007262,0.044771,-0.001176
9859,-0.008334000000000001,0.045832,0.000951
9860,-0.003014,0.043679,0.002059
9861,-0.000875,0.045797000000000004,0.00314
9862,-0.0008609999999999999,0.046870999999999996,0.0010019999999999999
9863,-0.002994,0.046879000000000004,0.000987
9864,-0.005118999999999999,0.046895,-0.001164
9865,-0.00299,0.046883,-8.1e-05
9866,-0.007262,0.047954000000000004,0.0020239999999999998
9867,-0.010458,0.04797,0.0009339999999999999
9868,-0.009372,0.049044,-0.0022649999999999997
9869,-0.010429,0.050117,-0.0033420000000000004
9870,-0.010429,0.051177999999999994,-0.002275
9871,-0.012548,0.051199,-0.005494
9872,-0.013619999999999998,0.050137,-0.0055
9873,-0.00829,0.050114,-0.0043950000000000005
9874,-0.006171,0.047972,-0.0033090000000000003
9875,-0.005095000000000001,0.049038,-0.004371
9876,-0.008305,0.049041,-0.002257
9877,-0.010448,0.045856,-0.003336
9878,-0.008329000000000001,0.045836,-0.000117
9879,-0.005143,0.042629,-9.1e-05
9880,-0.003014,0.043679,0.002059
9881,-0.002994,0.045818,-8e-05
9882,-0.003009,0.041561,-0.001142
9883,-0.006209,0.041572000000000005,-0.001165
9884,-0.0062,0.045824000000000004,0.0009660000000000001
9885,-0.004061,0.047943,0.0020469999999999998
9886,-0.005147,0.042625,0.000978
9887,-0.006195,0.043706999999999996,-0.002236
9888,-0.005118999999999999,0.047956,-9.7e-05
9889,-0.005157,0.039432999999999996,-8.7e-05
9890,-0.0040950000000000005,0.039425,0.000989
9891,0.00016299999999999998,0.039402,0.0031550000000000003
9892,0.000168,0.040467,0.003154
9893,0.000168,0.042589,0.005288
9894,-0.001971,0.038348,0.002074
9895,-0.0009130000000000001,0.036213999999999996,0.002084
9896,0.000139,0.035137,0.004229
9897,0.001196,0.034063,0.005306
9898,-0.004138,0.034082,0.005268999999999999
9899,-0.003057,0.035151999999999996,0.0031379999999999997
9900,-0.000933,0.034075,0.004222999999999999
9901,0.0022489999999999997,0.030864,0.0053170000000000005
9902,0.004372999999999999,0.028725999999999998,0.005335
9903,0.002239,0.029794,0.0063869999999999994
9904,0.003311,0.030856,0.006393
9905,0.00011499999999999999,0.031932,0.006369
9906,-0.000942,0.033006,0.005292
9907,-0.000942,0.033006,0.005292
9908,0.0011769999999999999,0.030862999999999998,0.006378
9909,0.002234,0.029789999999999997,0.007455
9910,0.002239,0.029794,0.0063869999999999994
9911,0.001182,0.031929,0.006377000000000001
9912,0.000125,0.033002,0.0053
9913,0.002263,0.032999,0.004246
9914,0.000125,0.034063,0.006367
9915,0.001191,0.032998,0.005307
9916,-0.0020280000000000003,0.031931,0.008491
9917,0.000105,0.030862999999999998,0.007439
9918,0.001201,0.035129,0.005304
9919,0.002263,0.032999,0.004246
9920,0.001153,0.02872,0.009585
9921,0.0011769999999999999,0.031924,0.007445
9922,0.0054399999999999995,0.030844,0.007476000000000001
9923,0.005435,0.031901,0.009611
9924,0.005449,0.031914,0.0064069999999999995
9925,0.001182,0.031929,0.006377000000000001
9926,0.000125,0.033002,0.0053
9927,0.001182,0.031929,0.006377000000000001
9928,0.0011769999999999999,0.031924,0.007445
9929,-0.003095,0.029813,0.00635
9930,-0.002009,0.033009,0.005285
9931,0.000144,0.035141000000000006,0.0031609999999999997
9932,0.000144,0.035141000000000006,0.0031609999999999997
9933,-0.0009130000000000001,0.037275,0.003151
9934,-0.00199,0.03727,0.005279
9935,-0.000933,0.035136,0.0052899999999999996
9936,-0.00199,0.035148,0.003146
9937,-0.003052,0.036217,0.003137
9938,-0.00199,0.035148,0.003146
9939,-0.000933,0.034075,0.004222999999999999
9940,-0.002,0.036201,0.0063490000000000005
9941,-0.004124,0.037278,0.005265
9942,-0.000909,0.03834,0.003149
9943,0.002282,0.035138,0.002107
9944,0.004397,0.032991,0.004261
9945,0.0012109999999999998,0.037259,0.005302
9946,0.000134,0.038314999999999995,0.008498
9947,-0.000942,0.034067,0.006359
9948,0.000134,0.034071,0.004229999999999999
9949,0.004416,0.040435000000000006,0.007456999999999999
9950,0.0032869999999999996,0.031896,0.012801
9951,0.001153,0.031902999999999994,0.012786
9952,0.0043630000000000006,0.028717000000000003,0.007470999999999999
9953,0.006502,0.029775,0.0074849999999999995
9954,0.006502,0.032958,0.010685
9955,0.005454,0.03404,0.0074719999999999995
9956,0.0033200000000000005,0.032986,0.00639
9957,0.004378,0.030851999999999997,0.0064
9958,0.0011769999999999999,0.030862999999999998,0.006378
9959,0.002234,0.029789999999999997,0.007455
9960,0.000101,0.029798,0.00744
9961,0.0011769999999999999,0.031924,0.007445
9962,0.004386999999999999,0.034044,0.007465
9963,0.005459,0.034044,0.006404000000000001
9964,0.001191,0.03512,0.007441
9965,0.00011999999999999999,0.032998,0.006368
9966,-0.0009570000000000001,0.029810000000000003,0.005296
9967,0.00011999999999999999,0.030876,0.004234
9968,-0.001995,0.034082999999999995,0.003147
9969,-0.003038,0.037291000000000005,0.000999
9970,-0.003042,0.037287,0.0020670000000000003
9971,-0.001966,0.037292,-6.2e-05
9972,-0.006229,0.037311000000000004,-0.00116
9973,-0.004085,0.039434,-0.001147
9974,-0.0008990000000000001,0.038349,0.001013
9975,-0.0019760000000000003,0.038344,0.0031420000000000003
9976,-0.000933,0.034075,0.004222999999999999
9977,-0.000918,0.037271,0.004219
9978,-0.000923,0.037267,0.005287
9979,-0.004143,0.0362,0.00847
9980,-0.0073290000000000004,0.036224,0.005243
9981,-0.003018,0.041552,0.0009939999999999999
9982,0.0044210000000000005,0.038318,0.004255
9983,0.004397,0.035113,0.0063950000000000005
9984,-0.0020039999999999997,0.034075,0.0052829999999999995
9985,-0.000923,0.035144999999999996,0.003153
9986,0.000129,0.035128,0.006365
9987,0.0033350000000000003,0.036182,0.006386
9988,-0.001995,0.037266,0.0063479999999999995
9989,0.000144,0.037263,0.005294
9990,0.0012109999999999998,0.035137,0.003168
9991,0.001196,0.035124,0.006372999999999999
9992,-0.002009,0.035131,0.007418999999999999
9993,-0.004138,0.036204,0.007402
9994,0.000149,0.038327999999999994,0.005293
9995,0.000144,0.036202,0.004228
9996,0.001215,0.035141000000000006,0.0021
9997,0.002268,0.035125,0.005312
9998,0.002268,0.036186,0.006379
9999,0.0033350000000000003,0.036182,0.006386
10000,0.002273,0.03619,0.005311
10001,0.0033399999999999997,0.036187000000000004,0.005318
10002,0.002268,0.036186,0.006379
10003,0.002258,0.036177,0.008515
10004,0.001187,0.034055,0.007442
10005,0.001187,0.034055,0.007442
10006,0.000134,0.036193,0.006364
10007,-0.0009369999999999999,0.035132,0.006358
10008,-0.0009130000000000001,0.039397,0.0052840000000000005
10009,0.00016299999999999998,0.039402,0.0031550000000000003
10010,-0.0008990000000000001,0.03941,0.0020800000000000003
10011,0.001239,0.039407,0.001026
10012,-0.0041140000000000005,0.037286,0.003128
10013,-0.00409,0.040491,0.0009880000000000002
10014,-0.000866,0.045806,0.001003
10015,-0.00199,0.03727,0.005279
10016,-0.003071,0.035139,0.006343
10017,-0.004138,0.034082,0.005268999999999999
10018,-0.0009279999999999999,0.036201,0.005288
10019,0.002278,0.038316,0.006376
10020,0.00122,0.037268,0.003165
10021,-0.0030329999999999997,0.037295,-6.9e-05
10022,-0.001961,0.038357,-6.3e-05
10023,-0.001971,0.039409,0.00314
10024,-0.004104,0.039417,0.003125
10025,-0.006248,0.037294,0.003113
10026,-0.005171,0.038360000000000005,0.0020510000000000003
10027,-0.001971,0.038348,0.002074
10028,-0.0019760000000000003,0.037283,0.002075
10029,-0.00198,0.03834,0.00421
10030,-0.003047,0.039405,0.005268999999999999
10031,-0.00199,0.03727,0.005279
10032,-0.000904,0.038345,0.002081
10033,-0.0040950000000000005,0.040486,0.0020559999999999997
10034,-0.00198,0.037279,0.003143
10035,-0.000923,0.036206,0.004220000000000001
10036,-0.0019850000000000002,0.037275,0.004211
10037,-0.0009130000000000001,0.037275,0.003151
10038,0.000139,0.035137,0.004229
10039,0.0012109999999999998,0.037259,0.005302
10040,0.000149,0.038327999999999994,0.005293
10041,0.00122,0.040451,0.006365999999999999
10042,0.001215,0.039385,0.006367
10043,0.000139,0.037259,0.006363000000000001
10044,-0.0008990000000000001,0.041532,0.004213000000000001
10045,-0.00198,0.040462,0.006344
10046,-0.004128,0.038335,0.0074
10047,-0.001961,0.04154,0.0031379999999999997
10048,0.000197,0.043676,-5.5e-05
10049,0.000144,0.037263,0.005294
10050,-0.003057,0.035151999999999996,0.0031379999999999997
10051,-0.0009279999999999999,0.03514,0.004221
10052,-0.000923,0.037267,0.005287
10053,0.00122,0.038329,0.004232
10054,-0.0009130000000000001,0.038336,0.004217
10055,-0.0008990000000000001,0.040471,0.003147
10056,-0.001971,0.039409,0.00314
10057,-0.0040950000000000005,0.040486,0.0020559999999999997
10058,-0.006229,0.041555,0.0031079999999999997
10059,-0.009405,0.04477,0.0009449999999999999
10060,-0.00619,0.047955000000000005,0.000964
10061,-0.006185,0.046898,-0.001172
10062,-0.007252,0.045841,-0.002246
10063,-0.00831,0.046914,-0.0033229999999999996
10064,-0.004052,0.04583,-0.002223
10065,-0.0051329999999999995,0.045821,0.000974
10066,-0.0072569999999999996,0.046898,-0.00011100000000000001
10067,-0.0051329999999999995,0.04476,-9.300000000000001e-05
10068,-0.003009,0.044744,0.002058
10069,-0.003014,0.041556,-7.4e-05
10070,-0.004085,0.041556,0.000986
10071,-0.003023,0.040487,0.000995
10072,-0.003018,0.041552,0.0009939999999999999
10073,-0.003014,0.042618,0.000993
10074,-0.003009,0.043683,0.000991
10075,-0.004071,0.043691,-8.4e-05
10076,-0.004061,0.045821,-8.7e-05
10077,-0.005128,0.044764,-0.001161
10078,-0.008319,0.046906,-0.001186
10079,-0.007267,0.045828,0.000959
10080,-0.009405,0.04477,0.0009449999999999999
10081,-0.005109000000000001,0.046903,-0.0033
10082,-0.005085,0.052229,-0.003307
10083,-0.006209,0.042633,-9.8e-05
10084,-0.00409,0.040491,0.0009880000000000002
10085,-0.003014,0.042618,0.000993
10086,-0.003023,0.041548,0.002062
10087,-0.002999,0.046874,0.002055
10088,-0.0030039999999999997,0.043687000000000004,-7.7e-05
10089,-0.004076,0.043686,0.000984
10090,-0.005138,0.042633,-0.001159
10091,-0.004085,0.041556,0.000986
10092,-0.006224,0.040498,0.000973
10093,-0.004076,0.041564,-0.00115
10094,-0.003018,0.040491,-7.3e-05
10095,-0.00409,0.040491,0.0009880000000000002
10096,-0.0009130000000000001,0.037275,0.003151
10097,-0.000923,0.037267,0.005287
10098,0.001196,0.035124,0.006372999999999999
10099,0.001196,0.034063,0.005306
10100,-0.000933,0.034075,0.004222999999999999
10101,0.001191,0.031937,0.00424
10102,0.0022489999999999997,0.030864,0.0053170000000000005
10103,0.0022489999999999997,0.030864,0.0053170000000000005
10104,0.0022440000000000003,0.030860000000000002,0.006385
10105,0.0011769999999999999,0.031924,0.007445
10106,0.0033200000000000005,0.031925,0.005323
10107,0.0022440000000000003,0.030860000000000002,0.006385
10108,0.0022489999999999997,0.030864,0.0053170000000000005
10109,0.001191,0.031937,0.00424
10110,0.000125,0.031941000000000004,0.004233
10111,-0.0009570000000000001,0.031932,0.00743
10112,-0.0020039999999999997,0.034075,0.0052829999999999995
10113,0.000153,0.03621,0.002091
10114,0.002258,0.032994,0.005315
10115,0.0022199999999999998,0.027655000000000002,0.008526
10116,0.002225,0.029782,0.009590999999999999
10117,0.006487000000000001,0.027639999999999998,0.008556
10118,0.005445,0.031909,0.007475
10119,0.001187,0.031932999999999996,0.005308
10120,0.002263,0.03406,0.005313
10121,0.001196,0.034063,0.005306
10122,0.002254,0.03299,0.006383
10123,0.000105,0.029802,0.006372
10124,-0.002014,0.031944,0.005286
10125,0.000125,0.033002,0.0053
10126,0.001196,0.034063,0.005306
10127,0.003325,0.032991,0.0053219999999999995
10128,0.002263,0.035121,0.006379999999999999
10129,0.002258,0.034055,0.006381
10130,0.002263,0.03406,0.005313
10131,0.002263,0.032999,0.004246
10132,0.000134,0.035132,0.005297
10133,0.001191,0.034059,0.006374
10134,0.001187,0.032994,0.006375
10135,-0.0009369999999999999,0.034071,0.005291
10136,0.000129,0.035128,0.006365
10137,-0.000933,0.035136,0.0052899999999999996
10138,-0.000923,0.036206,0.004220000000000001
10139,0.000144,0.037263,0.005294
10140,-0.000918,0.03621,0.003152
10141,-0.0009130000000000001,0.037275,0.003151
10142,-0.00199,0.038331,0.006346
10143,-0.0041140000000000005,0.037286,0.003128
10144,-0.001961,0.040479,0.002071
10145,0.000173,0.041533,0.003153
10146,0.003311,0.031917,0.00746
10147,0.0011769999999999999,0.031924,0.007445
10148,0.0033159999999999995,0.031921,0.006392
10149,0.002254,0.034051,0.00745
10150,0.002268,0.036186,0.006379
10151,0.0012109999999999998,0.037259,0.005302
10152,-0.000909,0.03834,0.003149
10153,0.000149,0.037267,0.004226
10154,0.002273,0.03619,0.005311
10155,-0.003062,0.035148,0.0042060000000000005
10156,-0.003062,0.035148,0.0042060000000000005
10157,-0.000904,0.039406000000000004,0.003148
10158,0.001225,0.038333,0.003164
10159,-0.00198,0.037279,0.003143
10160,-0.0019760000000000003,0.039405,0.004209
10161,-0.0009130000000000001,0.038336,0.004217
10162,0.000149,0.037267,0.004226
10163,-0.0019760000000000003,0.038344,0.0031420000000000003
10164,-0.003042,0.038348,0.003134
10165,-0.0019850000000000002,0.036213999999999996,0.003144
10166,-0.0009130000000000001,0.037275,0.003151
10167,-0.003038,0.038352,0.002066
10168,-0.0019850000000000002,0.037275,0.004211
10169,-0.003042,0.039409,0.004201
10170,-0.000909,0.039401,0.004215999999999999
10171,-0.001971,0.038348,0.002074
10172,-0.003023,0.040487,0.000995
10173,0.000177,0.041537,0.002084
10174,-0.003047,0.039405,0.005268999999999999
10175,-0.0041,0.039421,0.0020570000000000002
10176,0.000197,0.042615,-0.001121
10177,0.001206,0.036194,0.005303
10178,-0.000947,0.033001,0.00636
10179,0.000134,0.036193,0.006364
10180,0.000129,0.035128,0.006365
10181,0.004406,0.037244,0.006392
10182,0.002287,0.038325,0.00424
10183,0.00016299999999999998,0.039402,0.0031550000000000003
10184,0.00016299999999999998,0.038341,0.002088
10185,0.000149,0.037267,0.004226
10186,-0.00199,0.036209,0.004213000000000001
10187,-0.005171,0.037299,0.000984
10188,-0.001961,0.040479,0.002071
10189,-0.001971,0.039409,0.00314
10190,-0.000904,0.039406000000000004,0.003148
10191,-0.0030280000000000003,0.041544,0.00313
10192,-0.000904,0.039406000000000004,0.003148
10193,0.000153,0.037271,0.0031579999999999998
10194,-0.001961,0.040479,0.002071
10195,-0.001961,0.040479,0.002071
10196,-0.003047,0.038344,0.004202
10197,-0.003047,0.038344,0.004202
10198,-0.003052,0.036217,0.003137
10199,-0.003057,0.036213,0.0042049999999999995
10200,-0.00198,0.03834,0.00421
10201,-0.000904,0.039406000000000004,0.003148
10202,-0.00198,0.03834,0.00421
10203,-0.001971,0.038348,0.002074
10204,-0.001961,0.040479,0.002071
10205,-0.00199,0.03727,0.005279
10206,-0.0041140000000000005,0.038347000000000006,0.004195
10207,-0.000875,0.043675,0.001006
10208,0.000153,0.037271,0.0031579999999999998
10209,0.00011,0.032989,0.008504000000000001
10210,0.000129,0.035128,0.006365
10211,0.0033299999999999996,0.035117,0.0063880000000000004
10212,0.0033350000000000003,0.037243,0.007453
10213,0.002282,0.038321,0.005308
10214,0.000153,0.038332,0.004225
10215,-0.000904,0.039406000000000004,0.003148
10216,-0.0009130000000000001,0.038336,0.004217
10217,-0.003038,0.038352,0.002066
10218,-0.0062380000000000005,0.038363,0.0020440000000000002
10219,-0.005162,0.041551,0.0031149999999999997
10220,-0.0008939999999999999,0.040475,0.002078
10221,-0.0030280000000000003,0.039422000000000006,0.000997
10222,-0.0040950000000000005,0.040486,0.0020559999999999997
10223,-0.001971,0.039409,0.00314
10224,-0.000904,0.039406000000000004,0.003148
10225,-0.000904,0.039406000000000004,0.003148
10226,-0.003042,0.038348,0.003134
10227,-0.004124,0.036217,0.0041979999999999995
10228,-0.003038,0.039413,0.003133
10229,-0.0019760000000000003,0.039405,0.004209
10230,-0.0062380000000000005,0.039424,0.003111
10231,-0.00409,0.041552,0.002055
10232,-0.0030039999999999997,0.043687000000000004,-7.7e-05
10233,-0.004071,0.045813,0.002049
10234,-0.005138,0.044755,0.000975
10235,-0.005118999999999999,0.046895,-0.001164
10236,-0.004061,0.047943,0.0020469999999999998
10237,-0.008343000000000001,0.044762,0.0020210000000000002
10238,-0.004057,0.045826,-0.001155
10239,-0.004033,0.051151999999999996,-0.0011619999999999998
10240,-0.004085,0.041556,0.000986
10241,-0.005162,0.041551,0.0031149999999999997
10242,-0.003014,0.042618,0.000993
10243,-0.001947,0.044736,0.003134
10244,-0.002994,0.046879000000000004,0.000987
10245,-0.004057,0.046887,-8.8e-05
10246,-0.006171,0.049033,-0.002242
10247,-0.0051140000000000005,0.046899,-0.002232
10248,-0.004065999999999999,0.044756,-8.6e-05
10249,-0.00941,0.042644,-0.00011999999999999999
10250,-0.010462,0.044782999999999996,-0.001199
10251,-0.005128,0.046886000000000004,0.0009720000000000001
10252,-0.006195,0.04689,0.000965
10253,-0.00619,0.045833,-0.00117
10254,-0.00619,0.046894,-0.000103
10255,-0.0051329999999999995,0.04476,-9.300000000000001e-05
10256,-0.002999,0.045813,0.000989
10257,-0.0072569999999999996,0.044775999999999996,-0.002245
10258,-0.006195,0.044768,-0.001169
10259,-0.006205,0.043698,-9.9e-05
10260,-0.007271,0.043702,-0.00010700000000000001
10261,-0.006209,0.043694,0.0009689999999999999
10262,-0.0062,0.045824000000000004,0.0009660000000000001
10263,-0.005138,0.044755,0.000975
10264,-0.0030039999999999997,0.043687000000000004,-7.7e-05
10265,-0.004065999999999999,0.043695,-0.001153
10266,-0.005128,0.044764,-0.001161
10267,-0.003014,0.041556,-7.4e-05
10268,-0.006219,0.041563,0.0009720000000000001
10269,-0.0019420000000000001,0.043679,0.000999
10270,-0.003018,0.041552,0.0009939999999999999
10271,0.000125,0.033002,0.0053
10272,0.001187,0.032994,0.006375
10273,0.003311,0.031917,0.00746
10274,0.0054399999999999995,0.032966,0.009609999999999999
10275,0.0033159999999999995,0.031921,0.006392
10276,0.004378,0.030851999999999997,0.0064
10277,0.0033159999999999995,0.031921,0.006392
10278,0.0033009999999999997,0.029786,0.007462000000000001
10279,0.001163,0.029789999999999997,0.008516
10280,-0.0009660000000000001,0.028739999999999998,0.006365999999999999
10281,0.001182,0.031929,0.006377000000000001
10282,0.00011,0.030867000000000002,0.006371
10283,0.002254,0.031929,0.0053159999999999995
10284,0.0011769999999999999,0.030862999999999998,0.006378
10285,0.0022440000000000003,0.030860000000000002,0.006385
10286,0.002254,0.03299,0.006383
10287,0.001182,0.03299,0.007444
10288,0.00011499999999999999,0.030871,0.005302
10289,0.000105,0.029802,0.006372
10290,0.0022440000000000003,0.029799000000000003,0.005319
10291,0.0033009999999999997,0.029786,0.007462000000000001
10292,0.00011,0.031928,0.007437
10293,-0.000947,0.033001,0.00636
10294,0.002258,0.032994,0.005315
10295,0.004392,0.031925999999999996,0.004263
10296,0.0033350000000000003,0.032999,0.003186
10297,0.002263,0.03406,0.005313
10298,-0.003076,0.033013,0.0052770000000000004
10299,-0.004109000000000001,0.03623,0.000993
10300,-0.0030329999999999997,0.037295,-6.9e-05
10301,-0.002043,0.028736,0.008495
10302,0.001139,0.030829000000000002,0.014924000000000002
10303,0.0032719999999999997,0.032944,0.017072
10304,0.0032770000000000004,0.029764999999999996,0.012803
10305,0.001158,0.029785000000000002,0.009584
10306,0.004372999999999999,0.028725999999999998,0.005335
10307,0.009726,0.034029000000000004,0.0064340000000000005
10308,0.0065260000000000006,0.034041,0.006411
10309,0.007573000000000001,0.029776,0.006423999999999999
10310,0.006478,0.026570999999999997,0.009625
10311,0.003311,0.034039,0.009594
10312,0.000134,0.038314999999999995,0.008498
10313,-0.003057,0.037274,0.005272
10314,-0.006243,0.040481,0.005246
10315,-0.006253,0.039412,0.006314999999999999
10316,-0.0019760000000000003,0.039405,0.004209
10317,-0.0008990000000000001,0.03941,0.0020800000000000003
10318,-0.003023,0.040487,0.000995
10319,-0.004076,0.040503,-0.0022170000000000002
10320,0.000177,0.039415,-4.9e-05
10321,-0.001971,0.037287,0.001007
10322,-0.00198,0.037279,0.003143
10323,-0.004138,0.036204,0.007402
10324,-0.002,0.039383999999999995,0.00955
10325,-0.00199,0.039392,0.0074129999999999995
10326,-0.000923,0.038327999999999994,0.006354
10327,-0.0009130000000000001,0.038336,0.004217
10328,0.000168,0.039406000000000004,0.0020870000000000003
10329,-0.00198,0.037279,0.003143
10330,-0.0008990000000000001,0.040471,0.003147
10331,0.000192,0.042611,-5.3e-05
10332,0.002282,0.03726,0.004241
10333,0.00011999999999999999,0.031937,0.005301
10334,0.001201,0.035129,0.005304
10335,0.001201,0.035129,0.005304
10336,0.0033350000000000003,0.037243,0.007453
10337,0.000149,0.037267,0.004226
10338,0.00015800000000000002,0.039398,0.004224
10339,-0.00199,0.039392,0.0074129999999999995
10340,-0.00198,0.039401,0.0052770000000000004
10341,-0.003052,0.037278,0.004204
10342,-0.005176,0.037294,0.002052
10343,-0.0040950000000000005,0.039425,0.000989
10344,-0.000889,0.04048,0.00101
10345,0.001239,0.039407,0.001026
10346,-0.0030280000000000003,0.039422000000000006,0.000997
10347,-0.0008990000000000001,0.040471,0.003147
10348,-0.0019760000000000003,0.039405,0.004209
10349,-0.001971,0.04047,0.004207
10350,-0.0062380000000000005,0.039424,0.003111
10351,-0.00198,0.03834,0.00421
10352,-0.00198,0.037279,0.003143
10353,-0.0019850000000000002,0.036213999999999996,0.003144
10354,-0.0009130000000000001,0.038336,0.004217
10355,-0.0009130000000000001,0.038336,0.004217
10356,-0.001971,0.038348,0.002074
10357,0.00016299999999999998,0.039402,0.0031550000000000003
10358,-0.001971,0.039409,0.00314
10359,-0.001966,0.041536000000000003,0.0042060000000000005
10360,-0.005181,0.039412,0.005254
10361,-0.005181,0.038350999999999996,0.004188
10362,0.00018700000000000002,0.042606,0.001015
10363,0.001225,0.038333,0.003164
10364,0.000125,0.033002,0.0053
10365,0.000139,0.035137,0.004229
10366,0.0012109999999999998,0.036198,0.004235
10367,0.0033399999999999997,0.037248,0.006385
10368,0.002282,0.038321,0.005308
10369,0.00016299999999999998,0.039402,0.0031550000000000003
10370,-0.0009130000000000001,0.038336,0.004217
10371,0.000149,0.038327999999999994,0.005293
10372,-0.003052,0.037278,0.004204
10373,-0.005186,0.036225,0.0031219999999999998
10374,-0.0041,0.040482,0.003124
10375,-0.000904,0.039406000000000004,0.003148
10376,-0.0008990000000000001,0.038349,0.001013
10377,-0.001971,0.038348,0.002074
10378,-0.001966,0.040475,0.003139
10379,-0.001966,0.040475,0.003139
10380,-0.005143,0.04369,0.000976
10381,-0.004076,0.044747,0.0020510000000000003
10382,-0.006209,0.043694,0.0009689999999999999
10383,-0.002999,0.044752,-7.8e-05
10384,-0.001952,0.04261,0.002068
10385,-0.005152,0.040499,-8.8e-05
10386,-0.004071,0.043691,-8.4e-05
10387,-0.004061,0.046882,0.00098
10388,-0.005128,0.046886000000000004,0.0009720000000000001
10389,-0.004057,0.045826,-0.001155
10390,-0.002999,0.044752,-7.8e-05
10391,-0.00619,0.045833,-0.00117
10392,-0.006181,0.049025,-0.000106
10393,-0.010462,0.045844,-0.000132
10394,-0.007214,0.053301999999999995,-0.0033229999999999996
10395,-0.0071849999999999995,0.057572000000000005,-0.005465
10396,-0.005104,0.049029,-0.002235
10397,-0.00619,0.047955000000000005,0.000964
10398,-0.004061,0.045821,-8.7e-05
10399,-0.004065999999999999,0.045817000000000004,0.000981
10400,-0.004047,0.050078,0.000976
10401,-0.004037,0.050087,-0.001161
10402,-0.007233,0.049041,-0.0033179999999999998
10403,-0.006176,0.049029,-0.001174
10404,-0.006176,0.050089999999999996,-0.00010700000000000001
10405,-0.01152,0.046917,-0.001209
10406,-0.011501,0.049056,-0.003348
10407,-0.009356999999999999,0.051179,-0.003336
10408,-0.007233,0.050102,-0.002251
10409,-0.0083,0.047984,-0.004392
10410,-0.008295,0.049049,-0.0043939999999999995
10411,-0.007238,0.047976,-0.003317
10412,-0.006185,0.047958999999999995,-0.000105
10413,-0.009386,0.04797,-0.000127
10414,-0.008314,0.047971,-0.001188
10415,-0.007262,0.044771,-0.001176
10416,-0.008334000000000001,0.04371,-0.001182
10417,-0.00619,0.046894,-0.000103
10418,-0.009396,0.046901,0.000942
10419,-0.007248,0.046906,-0.002247
10420,-0.001918,0.046883,-0.001142
10421,-0.008319,0.046906,-0.001186
10422,-0.0051329999999999995,0.043699,-0.00116
10423,-0.004071,0.043691,-8.4e-05
10424,-0.005143,0.042629,-9.1e-05
10425,-0.004085,0.041556,0.000986
10426,-0.002994,0.044757,-0.001146
10427,-0.003038,0.037291000000000005,0.000999
10428,-0.0009570000000000001,0.030871,0.006363000000000001
10429,0.000129,0.035128,0.006365
10430,0.002258,0.034055,0.006381
10431,0.004406,0.036183,0.005326
10432,0.002263,0.03406,0.005313
10433,0.001191,0.031937,0.00424
10434,0.004378,0.030851999999999997,0.0064
10435,0.0022440000000000003,0.030860000000000002,0.006385
10436,-0.002038,0.028739999999999998,0.007426
10437,-0.0009519999999999999,0.031936,0.006362
10438,0.002273,0.03619,0.005311
10439,-0.000933,0.033014,0.003156
10440,0.000134,0.035132,0.005297
10441,0.000129,0.035128,0.006365
10442,0.001215,0.036202,0.003167
10443,0.001196,0.034063,0.005306
10444,-0.0009369999999999999,0.034071,0.005291
10445,0.001187,0.031932999999999996,0.005308
10446,0.001172,0.029798,0.006379
10447,0.00011499999999999999,0.030871,0.005302
10448,0.001182,0.031929,0.006377000000000001
10449,0.00011999999999999999,0.032998,0.006368
10450,0.002258,0.034055,0.006381
10451,0.002268,0.034064,0.0042450000000000005
10452,0.001201,0.034068,0.0042380000000000004
10453,0.000134,0.034071,0.004229999999999999
10454,0.001191,0.034059,0.006374
10455,-0.003081,0.034069999999999996,0.007412
10456,-0.000942,0.033006,0.005292
10457,0.002268,0.034064,0.0042450000000000005
10458,0.007564,0.029767000000000002,0.00856
10459,0.0054210000000000005,0.029766,0.010681999999999999
10460,0.0043490000000000004,0.029766,0.011743
10461,0.006502,0.029775,0.0074849999999999995
10462,0.010779,0.029769,0.005378
10463,0.004382,0.028734,0.003198
10464,-0.014783000000000001,0.030958,-0.003348
10465,-0.022246000000000002,0.038415,0.003
10466,-0.009415,0.046883999999999995,0.005215
10467,-0.004057,0.047948000000000005,0.000978
10468,0.010894,0.055335,0.005346
10469,0.01087,0.045765,0.001086
10470,0.001235,0.041525,0.004228
10471,0.0011769999999999999,0.042533999999999995,0.018113
10472,0.007520999999999999,0.035033999999999996,0.023509
10473,0.007478,0.018019,0.016052
10474,0.005363000000000001,0.014861000000000001,0.008564
10475,0.001158,0.022358000000000003,0.002116
10476,0.0032719999999999997,0.025516999999999998,0.009604000000000001
10477,-0.001009,0.027641000000000002,0.014913
10478,-0.006261999999999999,0.037281,0.006318
10479,-0.00299,0.040517000000000004,-0.006481999999999999
10480,0.001302,0.035218,-0.017128
10481,-0.001889,0.038421,-0.016086000000000003
10482,-0.0008560000000000001,0.039448000000000004,-0.007534000000000001
10483,-0.00199,0.031965,-5.5e-05
10484,-0.002062,0.026595999999999998,0.010634000000000001
10485,-0.002091,0.023388,0.013841999999999998
10486,-0.0010429999999999999,0.018062,0.012787999999999999
10487,-0.001038,0.020188,0.013854
10488,0.00755,0.031876,0.013899000000000002
10489,0.01187,0.042518,0.012846999999999999
10490,0.005445,0.040397,0.01601
10491,0.00122,0.042573,0.0085
10492,0.007673999999999999,0.037292,-0.00854
10493,0.01086,0.030902,-0.011714
10494,0.001297,0.050068,-0.001123
10495,-0.004013,0.061778999999999994,0.005234
10496,0.00016299999999999998,0.028792,-0.007513
10497,-0.004118999999999999,0.020306,-0.012872999999999999
10498,-0.014773,0.041576,0.005185
10499,-0.004162,0.049976,0.026612
10500,-0.002071,0.040381,0.026639
10501,-0.007363,0.038316,0.014855000000000002
10502,-0.007324,0.036227999999999996,0.004175
10503,-0.000904,0.03304,-0.0032530000000000002
10504,-0.0008320000000000001,0.042652999999999996,-0.009674
10505,-0.000784,0.053305,-0.009687999999999999
10506,-0.000808,0.055406,-0.0022129999999999997
10507,-0.004071,0.047935000000000005,0.004183
10508,-0.003066,0.045754,0.015943000000000002
10509,-0.005219,0.045744,0.020201
10510,-0.006281,0.044691,0.018059
10511,0.00011499999999999999,0.038298,0.01277
10512,0.0011769999999999999,0.032985,0.008512
10513,-0.0009609999999999999,0.031928,0.008498
10514,0.0032920000000000002,0.032961000000000004,0.012799
10515,0.003311,0.037222000000000005,0.012794
10516,0.00016299999999999998,0.043646,0.007423000000000001
10517,-0.005104,0.054334,0.0030989999999999998
10518,-0.013634,0.05330700000000001,0.0009050000000000001
10519,-0.011481,0.053316999999999996,-0.003353
10520,-0.008281,0.054367,-0.002264
10521,-0.0040950000000000005,0.043669,0.005257
10522,-0.006291,0.034072000000000005,0.009526
10523,-0.002009,0.035131,0.007418999999999999
10524,-0.000947,0.033001,0.00636
10525,0.002263,0.037243,0.008514
10526,0.001201,0.038312,0.008505
10527,0.000144,0.039385,0.007428
10528,0.0033399999999999997,0.036187000000000004,0.005318
10529,0.0012109999999999998,0.034076,0.002101
10530,0.000144,0.035141000000000006,0.0031609999999999997
10531,-0.004143,0.031956,0.004203
10532,-0.003076,0.033013,0.0052770000000000004
10533,0.000125,0.031941000000000004,0.004233
10534,0.00011499999999999999,0.030871,0.005302
10535,0.001187,0.029811,0.003175
10536,0.003325,0.03193,0.004255
10537,0.001196,0.031941000000000004,0.003172
10538,0.002263,0.03406,0.005313
10539,0.002268,0.033003,0.0031780000000000003
10540,0.000129,0.031945,0.003165
10541,0.000125,0.031941000000000004,0.004233
10542,0.002254,0.031929,0.0053159999999999995
10543,0.00011999999999999999,0.031937,0.005301
10544,0.00011999999999999999,0.031937,0.005301
10545,0.000129,0.033006,0.004231
10546,0.002268,0.033003,0.0031780000000000003
10547,0.002282,0.034076999999999996,0.0010400000000000001
10548,0.0033539999999999998,0.03726,0.00318
10549,0.002282,0.035138,0.002107
10550,-0.0009369999999999999,0.031949,0.003157
10551,0.000134,0.030888,0.00103
10552,0.004411,0.034065,0.002124
10553,0.005445,0.028725999999999998,0.004274
10554,0.001172,0.028737000000000002,0.005312
10555,0.000139,0.035137,0.004229
10556,0.00123,0.039398,0.003163
10557,0.002306,0.042586,0.004234
10558,0.0012490000000000001,0.044719999999999996,0.004224
10559,-0.004065999999999999,0.044756,-8.6e-05
10560,-0.00299,0.044761,-0.002215
10561,-0.004052,0.04583,-0.002223
10562,-0.00619,0.044772,-0.0022370000000000003
10563,-0.008314,0.045849,-0.003321
10564,-0.007233,0.050102,-0.002251
10565,-0.007248,0.046906,-0.002247
10566,-0.005109000000000001,0.047964,-0.002234
10567,-0.006185,0.045837,-0.002238
10568,-0.006171,0.047972,-0.0033090000000000003
10569,-0.007228,0.047984,-0.005453
10570,-0.008305,0.04798,-0.003324
10571,-0.007233,0.04798,-0.004385
10572,-0.01152,0.044795,-0.003343
10573,-0.013653,0.040558,-0.007625
10574,-0.010429,0.043751,-0.009743
10575,-0.0062,0.04158,-0.0033009999999999997
10576,0.0012490000000000001,0.045781,0.005291
10577,0.006555,0.046798,0.012804
10578,0.002278,0.044683,0.012777
10579,0.001206,0.037255,0.006370000000000001
10580,-0.0009660000000000001,0.024496,0.002098
10581,-0.0009609999999999999,0.027683999999999997,0.004231
10582,0.0033439999999999998,0.039374,0.00745
10583,0.003407,0.0511,0.005299
10584,0.001239,0.041529,0.00316
10585,-0.0008939999999999999,0.040475,0.002078
10586,-0.0030280000000000003,0.038361,-7e-05
10587,0.000173,0.040472,0.0020859999999999997
10588,0.002292,0.039389999999999994,0.0042380000000000004
10589,0.002263,0.031938,0.00318
10590,0.001163,0.024485,0.003181
10591,0.003268,0.023391,0.008539
10592,0.005372999999999999,0.019114,0.010695
10593,0.004315,0.02337,0.012819
10594,0.0043490000000000004,0.026583,0.008542000000000001
10595,0.0022440000000000003,0.030860000000000002,0.006385
10596,-0.0009369999999999999,0.031949,0.003157
10597,-0.003062,0.034087,0.00314
10598,-0.0041140000000000005,0.037286,0.003128
10599,-0.004128,0.035151999999999996,0.0041990000000000005
10600,-0.004118999999999999,0.035160000000000004,0.0020629999999999997
10601,0.000153,0.03621,0.002091
10602,-0.000933,0.031952999999999995,0.002089
10603,-0.0009279999999999999,0.031957,0.001021
10604,0.000129,0.030883999999999998,0.002098
10605,0.0033060000000000003,0.029791,0.0063939999999999995
10606,0.004359,0.028713,0.008539
10607,0.0022199999999999998,0.031899000000000004,0.012793
10608,-0.0052,0.041517,0.011661
10609,-0.013653,0.056473,0.008378
10610,-0.045424,0.10666099999999999,0.005954999999999999
10611,-0.094141,0.183545,0.0023120000000000003
10612,-0.152358,0.276466,-0.007828
10613,-0.087423,0.23897600000000002,-0.012667
10614,-0.02214,0.12445,0.065916
10615,0.045813,0.075116,0.08995399999999999
10616,0.059739,0.037982999999999996,0.039893
10617,0.03745,0.045591,0.021568
10618,-0.008497,0.022345,0.013799
10619,-0.008449,0.031937,0.012719
10620,0.00543,0.041446,0.020281
10621,0.023509,0.04027,0.032159
10622,0.017113,0.041358,0.032113
10623,-0.006344,0.028720999999999997,0.015941999999999998
10624,-0.0009710000000000001,0.028736,0.0074340000000000005
10625,0.018185,0.024382,0.013983
10626,0.021308,0.014754,0.021494
10627,0.0053100000000000005,0.012692,0.018181
10628,4.8e-05,0.015958,0.005321
10629,0.0032719999999999997,0.017029,0.0010689999999999999
10630,0.005368,0.015926,0.008563
10631,0.002143,0.015916,0.013881000000000001
10632,0.004239,0.009509,0.016041
10633,0.005272,0.00417,0.018191
10634,0.0032340000000000003,0.020178,0.012815
10635,0.011764,0.022266,0.016077
10636,0.008449,0.008381999999999999,0.027822000000000003
10637,0.009515000000000001,0.008378,0.02783
10638,0.012798,0.015865999999999998,0.017161000000000003
10639,0.006411,0.011656999999999999,0.009644
10640,-0.002182,-0.002157,0.008533
10641,-0.003258,-0.0074670000000000005,0.005328
10642,-0.011712,0.009611,0.0041789999999999996
10643,-0.007449,0.013836000000000001,0.009544
10644,0.003133,-0.001132,0.013909999999999999
10645,-8.6e-05,-0.009626000000000001,0.009626000000000001
10646,-0.004372999999999999,-0.01175,0.011734999999999999
10647,-0.021495,-0.029774000000000002,0.005229
10648,-0.011779000000000001,-0.014851,-0.005404
10649,-0.005339,-0.004229999999999999,-0.003237
10650,-0.006396,0.00321,0.002088
10651,-0.010654,0.011720999999999999,0.008456
10652,-0.009587,0.013838999999999999,0.010598
10653,-0.011701999999999999,0.017047,0.00951
10654,-0.010597,0.021321,0.00524
10655,-0.009492,0.024534999999999998,-9.8e-05
10656,-0.003081,0.026643,-5.6000000000000006e-05
10657,9.6e-05,0.021305,-2.7000000000000002e-05
10658,6.7e-05,0.017036000000000003,0.0021149999999999997
10659,0.001158,0.023419,0.0031829999999999996
10660,-0.00309,0.029817000000000003,0.005281
10661,-0.005229,0.02982,0.006335
10662,-0.002043,0.029797000000000004,0.009562000000000001
10663,-0.004157,0.031943,0.007408
10664,-0.005219,0.031951,0.006332
10665,-0.003076,0.031952,0.00421
10666,-0.002,0.034079000000000005,0.004215
10667,-0.004109000000000001,0.03623,0.000993
10668,-0.001966,0.038353,0.001005
10669,-0.003057,0.034091,0.002071
10670,0.002278,0.035133,0.003176
10671,-0.0009279999999999999,0.034079000000000005,0.0031550000000000003
10672,0.000101,0.028737000000000002,0.006372999999999999
10673,-0.002014,0.031944,0.005286
10674,0.00011,0.030867000000000002,0.006371
10675,0.002234,0.030851,0.008522
10676,0.0043630000000000006,0.029778,0.008537999999999999
10677,-0.0009710000000000001,0.028736,0.0074340000000000005
10678,-0.002043,0.029797000000000004,0.009562000000000001
10679,-0.004176,0.031925999999999996,0.01168
10680,-0.0041719999999999995,0.03193,0.010612
10681,-0.008444,0.03088,0.010584
10682,-0.009477,0.03834,0.010567
10683,-0.007358,0.035137,0.010586
10684,-0.007339,0.038337,0.009514
10685,-0.009448,0.041549,0.007358
10686,-0.0008990000000000001,0.040471,0.003147
10687,0.000168,0.041527999999999995,0.004221
10688,-0.011539,0.044778,0.00093
10689,-0.008286,0.050119,-0.005463
10690,0.001297,0.044763,-0.006458
10691,0.00018700000000000002,0.041545,-5.2000000000000004e-05
10692,-0.001966,0.043657999999999995,0.00634
10693,-0.005171,0.039421,0.003118
10694,-0.005176,0.035172,-8.1e-05
10695,-0.0009130000000000001,0.035153,0.001017
10696,-0.001995,0.036205,0.005281
10697,-0.002,0.03514,0.005282
10698,0.00123,0.036215,-3.8e-05
10699,0.001235,0.034098,-0.00324
10700,0.002292,0.033024,-0.002163
10701,0.006573999999999999,0.033022,-0.005338
10702,0.008727,0.034093,-0.008529
10703,0.003421,0.036259,-0.012841
10704,-0.002975,0.038408,-0.01182
10705,-0.005123,0.041585000000000004,-0.00543
10706,-0.005128,0.045825,-9.499999999999999e-05
10707,0.000197,0.046859,0.003146
10708,-0.003009,0.044744,0.002058
10709,-0.002999,0.041569,-0.003279
10710,-0.001928,0.040508999999999996,-0.005406
10711,0.0023350000000000003,0.04049,-0.004308
10712,0.004488000000000001,0.043682,-0.005365999999999999
10713,0.00344,0.044764,-0.008579
10714,0.0013310000000000002,0.044793,-0.013935
10715,0.0013449999999999998,0.046928,-0.015006
10716,0.002402,0.047976,-0.011795
10717,0.004545,0.052221000000000004,-0.009649
10718,0.000268,0.049045,-0.010743
10719,-0.002956,0.046912999999999996,-0.007558
10720,-0.004037,0.049026,-0.002227
10721,-0.0018989999999999999,0.050082999999999996,-0.0022140000000000003
10722,-0.0008269999999999999,0.047962,-0.005408
10723,0.001297,0.045824000000000004,-0.005391
10724,0.00023999999999999998,0.045836,-0.007534999999999999
10725,0.008813,0.050084,-0.011753
10726,0.013080000000000001,0.049009,-0.012790000000000001
10727,0.0023539999999999998,0.044751,-0.004314
10728,-0.005118999999999999,0.049017000000000005,0.0009699999999999999
10729,-0.005118999999999999,0.050078,0.002037
10730,-0.0040420000000000005,0.054326,0.004175
10731,-0.00299,0.049005,0.002053
10732,-0.004052,0.047952,-9e-05
10733,-0.0040420000000000005,0.046899,-0.003293
10734,-0.0008460000000000001,0.045823,-0.0032689999999999998
10735,0.00021099999999999998,0.04475,-0.0021920000000000004
10736,-0.000866,0.041562,-0.003264
10737,0.00021600000000000002,0.043693,-0.004327
10738,-0.005123,0.043706999999999996,-0.003296
10739,-0.0051329999999999995,0.043699,-0.00116
10740,-0.006209,0.044755,0.002036
10741,-0.007276,0.044759,0.0020280000000000003
10742,-0.005143,0.044751,0.002043
10743,-0.006209,0.046876999999999995,0.004169
10744,-0.004079999999999999,0.042621,0.000985
10745,-0.000875,0.041553,-0.0011279999999999999
10746,-0.000875,0.041553,-0.0011279999999999999
10747,-0.0019320000000000001,0.043688,-0.0011380000000000001
10748,-0.003009,0.041561,-0.001142
10749,-0.003018,0.041552,0.0009939999999999999
10750,-0.0019760000000000003,0.039405,0.004209
10751,-0.003047,0.039405,0.005268999999999999
10752,-0.000889,0.041541,0.002077
10753,0.000134,0.036193,0.006364
10754,-0.000942,0.034067,0.006359
10755,0.001191,0.034059,0.006374
10756,0.0033200000000000005,0.032986,0.00639
10757,0.0033200000000000005,0.032986,0.00639
10758,0.006540000000000001,0.034053,0.003207
10759,0.0033399999999999997,0.034064,0.003184
10760,0.000139,0.035137,0.004229
10761,0.001201,0.035129,0.005304
10762,0.00011999999999999999,0.034059,0.007435
10763,-0.003081,0.034069999999999996,0.007412
10764,-0.001995,0.037266,0.0063479999999999995
10765,-0.005195,0.036216000000000005,0.005258
10766,-0.003062,0.036209,0.005273
10767,-0.000918,0.03621,0.003152
10768,0.00122,0.036206999999999996,0.0020989999999999997
10769,0.0033590000000000004,0.035143,-2.2e-05
10770,0.000153,0.03621,0.002091
10771,-0.000909,0.037279,0.002082
10772,-0.005171,0.037299,0.000984
10773,-0.004124,0.035156,0.0031309999999999997
10774,-0.003071,0.035139,0.006343
10775,-0.002,0.036201,0.0063490000000000005
10776,0.001201,0.037251,0.007437999999999999
10777,0.000101,0.030858999999999998,0.008506999999999999
10778,0.0022440000000000003,0.029799000000000003,0.005319
10779,0.007612000000000001,0.038298,0.006412999999999999
10780,0.010779,0.032951999999999995,0.008579
10781,0.011831,0.029751999999999997,0.00859
10782,0.0075450000000000005,0.027627999999999996,0.0107
10783,0.006492,0.03295,0.012822
10784,0.0043630000000000006,0.034022000000000004,0.012806
10785,0.002263,0.037243,0.008514
10786,-0.000904,0.040467,0.004215
10787,-0.001966,0.041536000000000003,0.0042060000000000005
10788,-0.0073290000000000004,0.036224,0.005243
10789,-0.006243,0.03942,0.0041789999999999996
10790,-0.005152,0.04156,0.0009789999999999998
10791,-0.005138,0.040511,-0.0032920000000000002
10792,-0.002999,0.040507999999999995,-0.004346
10793,-0.001956,0.038361,-0.001131
10794,-0.003042,0.036226,0.001001
10795,-0.0009279999999999999,0.034079000000000005,0.0031550000000000003
10796,0.003325,0.032991,0.0053219999999999995
10797,0.00011499999999999999,0.034054,0.008503
10798,-0.002014,0.034066,0.00742
10799,-0.002009,0.034069999999999996,0.006352
10800,-0.0009279999999999999,0.036201,0.005288
10801,0.000134,0.034071,0.004229999999999999
10802,-0.0009130000000000001,0.034092000000000004,-5e-05
10803,0.001235,0.038342,0.0010279999999999998
10804,0.000144,0.037263,0.005294
10805,0.00016299999999999998,0.038341,0.002088
10806,0.0033880000000000004,0.043656,0.002104
10807,0.0033439999999999998,0.038313,0.006384
10808,-0.0009279999999999999,0.037262,0.0063549999999999995
10809,-0.002,0.034079000000000005,0.004215
10810,-0.003057,0.037274,0.005272
10811,-0.0009279999999999999,0.036201,0.005288
10812,-0.00198,0.036218,0.002076
10813,-0.0019760000000000003,0.037283,0.002075
10814,-0.004085,0.041556,0.000986
10815,-0.004079999999999999,0.040499,-0.001149
10816,-0.003014,0.039434,-0.002208
10817,-0.006243,0.035176,-8.9e-05
10818,-0.005171,0.039421,0.003118
10819,-0.0019760000000000003,0.041527,0.006342
10820,-0.00198,0.040462,0.006344
10821,-0.003071,0.034078,0.0052759999999999994
10822,-0.002009,0.033009,0.005285
10823,-0.0009519999999999999,0.031936,0.006362
10824,0.000134,0.036193,0.006364
10825,0.00122,0.039389999999999994,0.005299
10826,0.000168,0.041527999999999995,0.004221
10827,-0.000909,0.03834,0.003149
10828,0.00016299999999999998,0.03728,0.0010220000000000001
10829,-0.004118999999999999,0.036220999999999996,0.003129
10830,0.000144,0.036202,0.004228
10831,0.000134,0.036193,0.006364
10832,0.000129,0.034067,0.005298
10833,0.000129,0.036189,0.007431999999999999
10834,-0.004148,0.034074,0.007405
10835,0.00123,0.038337,0.002096
10836,0.004435000000000001,0.03833,0.00105
10837,0.0022489999999999997,0.032986,0.007451
10838,0.001191,0.032998,0.005307
10839,0.001196,0.033002,0.004239
10840,0.001191,0.034059,0.006374
10841,0.002258,0.035116,0.007448000000000001
10842,0.00015800000000000002,0.039398,0.004224
10843,-0.0019850000000000002,0.037275,0.004211
10844,0.000149,0.037267,0.004226
10845,-0.0019760000000000003,0.038344,0.0031420000000000003
10846,-0.0009130000000000001,0.037275,0.003151
10847,-0.006253,0.036229000000000004,0.0031149999999999997
10848,-0.0008990000000000001,0.03941,0.0020800000000000003
10849,0.001225,0.039394,0.004231
10850,0.000153,0.037271,0.0031579999999999998
10851,-0.003042,0.039409,0.004201
10852,-0.00198,0.039401,0.0052770000000000004
10853,-0.003047,0.038344,0.004202
10854,-0.001971,0.039409,0.00314
10855,-0.000904,0.039406000000000004,0.003148
10856,-0.001971,0.038348,0.002074
10857,-0.0019760000000000003,0.037283,0.002075
10858,-0.0009130000000000001,0.037275,0.003151
10859,-0.003057,0.036213,0.0042049999999999995
10860,-0.00199,0.036209,0.004213000000000001
10861,-0.000918,0.03621,0.003152
10862,0.000139,0.036198,0.005296
10863,-0.000923,0.037267,0.005287
10864,-0.000909,0.039401,0.004215999999999999
10865,-0.001971,0.039409,0.00314
10866,-0.000904,0.038345,0.002081
10867,-0.000889,0.04048,0.00101
10868,0.00015800000000000002,0.039398,0.004224
10869,-0.005186,0.037286,0.004189
10870,-0.001947,0.041553,-6.7e-05
10871,0.0012439999999999999,0.040472,0.001025
10872,0.002258,0.034055,0.006381
10873,-0.000933,0.036197,0.0063560000000000005
10874,0.000153,0.038332,0.004225
10875,0.000134,0.037254,0.007431
10876,0.005464,0.03511,0.006403
10877,0.002287,0.037264,0.003173
10878,0.00015800000000000002,0.038337,0.003157
10879,0.00122,0.037268,0.003165
10880,-0.0019760000000000003,0.039405,0.004209
10881,-0.0019850000000000002,0.037275,0.004211
10882,-0.007305,0.039428,0.0031030000000000003
10883,-0.0008990000000000001,0.03941,0.0020800000000000003
10884,0.00016299999999999998,0.039402,0.0031550000000000003
10885,-0.001966,0.039414,0.002072
10886,-0.0030329999999999997,0.040478,0.0031320000000000002
10887,-0.003038,0.039413,0.003133
10888,-0.001971,0.039409,0.00314
10889,-0.000904,0.039406000000000004,0.003148
10890,0.00015800000000000002,0.038337,0.003157
10891,-0.00198,0.03834,0.00421
10892,-0.00198,0.03834,0.00421
10893,-0.000923,0.037267,0.005287
10894,-0.0009130000000000001,0.038336,0.004217
10895,-0.003052,0.037278,0.004204
10896,0.000153,0.037271,0.0031579999999999998
10897,-0.000904,0.039406000000000004,0.003148
10898,-0.0019760000000000003,0.038344,0.0031420000000000003
10899,-0.0019760000000000003,0.038344,0.0031420000000000003
10900,-0.001971,0.039409,0.00314
10901,-0.0009130000000000001,0.037275,0.003151
10902,-0.000909,0.03834,0.003149
10903,-0.000909,0.03834,0.003149
10904,0.00015800000000000002,0.039398,0.004224
10905,-0.000904,0.038345,0.002081
10906,-0.001961,0.04154,0.0031379999999999997
10907,-0.003052,0.0394,0.006338
10908,-0.003047,0.038344,0.004202
10909,-0.0008849999999999999,0.042606,0.002076
10910,0.002287,0.038325,0.00424
10911,0.000134,0.035132,0.005297
10912,-0.000923,0.035144999999999996,0.003153
10913,0.000134,0.037254,0.007431
10914,0.004397,0.037235000000000004,0.008529
10915,0.0033439999999999998,0.037252,0.0053170000000000005
10916,-0.00198,0.037279,0.003143
10917,0.00015800000000000002,0.038337,0.003157
10918,-0.00198,0.03834,0.00421
10919,-0.005171,0.039421,0.003118
10920,-0.004124,0.036217,0.0041979999999999995
10921,-0.005176,0.038355,0.0031190000000000002
10922,0.000173,0.039411,0.001019
10923,0.00015800000000000002,0.038337,0.003157
10924,-0.003038,0.039413,0.003133
10925,-0.0030329999999999997,0.040478,0.0031320000000000002
10926,-0.0008990000000000001,0.040471,0.003147
10927,-0.0019760000000000003,0.038344,0.0031420000000000003
10928,-0.003042,0.039409,0.004201
10929,-0.003038,0.040474,0.0042
10930,-0.005157,0.042616,0.003114
10931,-0.001956,0.042605000000000004,0.003136
10932,-0.005147,0.043686,0.002045
10933,-0.004079999999999999,0.043682,0.002052
10934,-0.003018,0.042613,0.002061
10935,-0.004076,0.043686,0.000984
10936,-0.006214,0.04369,0.002037
10937,-0.006209,0.043694,0.0009689999999999999
10938,-0.006224,0.04262,0.003107
10939,-0.005157,0.041555,0.0020469999999999998
10940,-0.005147,0.041564,-8.9e-05
10941,-0.004085,0.041556,0.000986
10942,-0.003018,0.042613,0.002061
10943,-0.003018,0.042613,0.002061
10944,-0.005128,0.045825,-9.499999999999999e-05
10945,-0.004071,0.043691,-8.4e-05
10946,-0.007291,0.043685,0.0041659999999999996
10947,-0.007271,0.044763,0.0009599999999999999
10948,-0.004037,0.050087,-0.001161
10949,-0.0030039999999999997,0.044748,0.00099
10950,-0.003023,0.040487,0.000995
10951,-0.00409,0.041552,0.002055
10952,-0.001947,0.043675,0.0020670000000000003
10953,-0.00088,0.045793,0.004208
10954,-0.002999,0.045813,0.000989
10955,-0.005123,0.045829,-0.001163
10956,-0.00831,0.047975,-0.0022559999999999998
10957,-0.007238,0.050098000000000004,-0.001183
10958,-0.007243,0.049033,-0.001182
10959,-0.010458,0.046909,-0.000133
10960,-0.011505,0.049052,-0.00228
10961,-0.00831,0.050097,-0.000122
10962,-0.010434,0.050113,-0.002274
10963,-0.008286,0.052240999999999996,-0.003329
10964,-0.007228,0.051167000000000004,-0.0022530000000000002
10965,-0.006171,0.049033,-0.002242
10966,-0.008314,0.04691,-0.002255
10967,-0.007238,0.049037,-0.00225
10968,-0.006181,0.047964,-0.001173
10969,-0.005118999999999999,0.046895,-0.001164
10970,-0.008324,0.046901,-0.000118
10971,-0.007262,0.045832,-0.000109
10972,-0.007252,0.046902,-0.001179
10973,-0.0051140000000000005,0.04796,-0.001165
10974,-0.005123,0.045829,-0.001163
10975,-0.006185,0.046898,-0.001172
10976,-0.009381,0.047975,-0.0011949999999999999
10977,-0.00831,0.046914,-0.0033229999999999996
10978,-0.0040420000000000005,0.04796,-0.002226
10979,-0.004061,0.04476,-0.0011539999999999999
10980,-0.007238,0.049037,-0.00225
10981,-0.008305,0.049041,-0.002257
10982,-0.006205,0.04582,0.002034
10983,-0.005128,0.044764,-0.001161
10984,-0.00297,0.049022,-0.0022199999999999998
10985,-0.006185,0.045837,-0.002238
10986,-0.007271,0.044763,0.0009599999999999999
10987,-0.002999,0.045813,0.000989
10988,0.00018700000000000002,0.043667000000000004,0.002082
10989,0.000192,0.045794,0.003147
10990,-0.002994,0.046879000000000004,0.000987
10991,-0.009376,0.045857,-0.004397
10992,-0.0040420000000000005,0.046899,-0.003293
10993,-0.0030039999999999997,0.042626,-0.001144
10994,-0.003038,0.039413,0.003133
10995,-0.0041,0.039421,0.0020570000000000002
10996,-0.005143,0.042629,-9.1e-05
10997,-0.005143,0.041568,-0.001157
10998,-0.004071,0.044752,0.000982
10999,-0.004079999999999999,0.044743,0.0031190000000000002
11000,-0.0008990000000000001,0.03941,0.0020800000000000003
11001,0.000139,0.034076,0.0031620000000000003
11002,0.0022489999999999997,0.028742,0.003184
11003,0.004372999999999999,0.026604000000000003,0.003201
11004,0.006511,0.029783999999999998,0.0053479999999999995
11005,0.00543,0.030836000000000002,0.009612
11006,0.002225,0.028720999999999997,0.008525
11007,0.0032719999999999997,0.024456,0.008537000000000001
11008,0.006459,0.02231,0.009631
11009,0.008592,0.022302000000000002,0.009645
11010,0.0054009999999999996,0.023383,0.008554
11011,0.0032719999999999997,0.024456,0.008537000000000001
11012,0.0033009999999999997,0.029786,0.007462000000000001
11013,0.004372999999999999,0.029787,0.006402
11014,0.00543,0.029775,0.008546
11015,0.0032920000000000002,0.027656,0.007465
11016,0.0033350000000000003,0.031938,0.0021190000000000002
11017,0.004382,0.030856,0.005332
11018,0.002206,0.02446,0.00853
11019,0.004344,0.027638999999999997,0.010676999999999999
11020,0.010717,0.023347,0.012863999999999999
11021,0.010726000000000001,0.024416999999999998,0.011793999999999999
11022,0.00755,0.028693,0.010698000000000001
11023,0.005435,0.028718,0.006409999999999999
11024,0.0054399999999999995,0.029782999999999997,0.006409000000000001
11025,0.004368,0.028722,0.006403
11026,0.005435,0.029779000000000003,0.007476999999999999
11027,0.0022199999999999998,0.028716000000000002,0.009593
11028,-0.0009570000000000001,0.029810000000000003,0.005296
11029,0.0022489999999999997,0.030864,0.0053170000000000005
11030,0.002258,0.031932999999999996,0.004248
11031,0.002258,0.031932999999999996,0.004248
11032,0.0033200000000000005,0.031925,0.005323
11033,0.004378,0.030851999999999997,0.0064
11034,0.004368,0.028722,0.006403
11035,0.004368,0.028722,0.006403
11036,0.0033009999999999997,0.029786,0.007462000000000001
11037,0.004378,0.030851999999999997,0.0064
11038,0.000101,0.030858999999999998,0.008506999999999999
11039,0.00011499999999999999,0.031932,0.006369
11040,0.002254,0.031929,0.0053159999999999995
11041,0.004386999999999999,0.031922000000000006,0.005331
11042,0.003325,0.032991,0.0053219999999999995
11043,0.002263,0.03406,0.005313
11044,0.000144,0.035141000000000006,0.0031609999999999997
11045,0.000149,0.036206,0.003159
11046,0.001196,0.034063,0.005306
11047,-0.002009,0.033009,0.005285
11048,0.000144,0.036202,0.004228
11049,0.002292,0.038329,0.003172
11050,0.005425,0.029769999999999998,0.009614
11051,0.0043630000000000006,0.029778,0.008537999999999999
11052,0.005416,0.027639999999999998,0.009616
11053,0.00543,0.030836000000000002,0.009612
11054,0.005449,0.032975,0.0074730000000000005
11055,0.002263,0.035121,0.006379999999999999
11056,0.000134,0.035132,0.005297
11057,0.000149,0.036206,0.003159
11058,0.00122,0.037268,0.003165
11059,0.000125,0.033002,0.0053
11060,0.001187,0.032994,0.006375
11061,0.000134,0.034071,0.004229999999999999
11062,0.000144,0.037263,0.005294
11063,-0.0019850000000000002,0.037275,0.004211
11064,-0.003042,0.039409,0.004201
11065,-0.0019760000000000003,0.039405,0.004209
11066,0.000144,0.036202,0.004228
11067,-0.000923,0.036206,0.004220000000000001
11068,0.000153,0.037271,0.0031579999999999998
11069,0.00016299999999999998,0.039402,0.0031550000000000003
11070,-0.000909,0.03834,0.003149
11071,0.00016299999999999998,0.039402,0.0031550000000000003
11072,-0.001971,0.038348,0.002074
11073,-0.000909,0.039401,0.004215999999999999
11074,-0.003052,0.0394,0.006338
11075,-0.0019760000000000003,0.039405,0.004209
11076,0.00122,0.038329,0.004232
11077,0.001215,0.037263,0.004234
11078,0.001225,0.039394,0.004231
11079,0.00015800000000000002,0.038337,0.003157
11080,-0.000909,0.03834,0.003149
11081,0.001225,0.039394,0.004231
11082,-0.002,0.036201,0.0063490000000000005
11083,-0.006248,0.038355,0.00418
11084,-0.0019370000000000001,0.042622,-0.0011359999999999999
11085,0.00122,0.038329,0.004232
11086,0.00011999999999999999,0.034059,0.007435
11087,-0.0019850000000000002,0.036213999999999996,0.003144
11088,0.00015800000000000002,0.036215,0.001023
11089,0.000153,0.035149,0.001024
11090,0.0012109999999999998,0.036198,0.004235
11091,0.00122,0.039389999999999994,0.005299
11092,-0.000918,0.039393,0.006352
11093,0.001201,0.03619,0.006371
11094,0.001191,0.036181,0.008508
11095,0.0033060000000000003,0.035095999999999995,0.011729
11096,0.000105,0.034046,0.010639000000000001
11097,-0.0009279999999999999,0.038323,0.007422
11098,0.004416,0.039374,0.00639
11099,0.002273,0.037251,0.006377000000000001
11100,0.001225,0.040455,0.005298
11101,0.00015800000000000002,0.040458999999999995,0.0052899999999999996
11102,0.00123,0.040458999999999995,0.004229999999999999
11103,-0.0008939999999999999,0.040475,0.002078
11104,-0.006214,0.042629,0.0009699999999999999
11105,-0.0040950000000000005,0.040486,0.0020559999999999997
11106,-0.006233,0.041551,0.004176
11107,-0.005171,0.040482,0.004185
11108,-0.003047,0.037283,0.003136
11109,-0.00199,0.036209,0.004213000000000001
11110,0.000149,0.035144999999999996,0.002092
11111,0.000149,0.035144999999999996,0.002092
11112,0.00122,0.036206999999999996,0.0020989999999999997
11113,0.00122,0.037268,0.003165
11114,-0.000918,0.03621,0.003152
11115,-0.00199,0.036209,0.004213000000000001
11116,-0.001966,0.039414,0.002072
11117,-0.0008990000000000001,0.040471,0.003147
11118,-0.004118999999999999,0.038343,0.005263
11119,-0.00409,0.041552,0.002055
11120,-0.0019320000000000001,0.044749000000000004,-7.099999999999999e-05
11121,0.002268,0.035125,0.005312
11122,-0.000942,0.034067,0.006359
11123,0.001191,0.034059,0.006374
11124,0.001201,0.037251,0.007437999999999999
11125,0.002273,0.037251,0.006377000000000001
11126,0.002278,0.038316,0.006376
11127,0.000153,0.038332,0.004225
11128,0.000149,0.038327999999999994,0.005293
11129,-0.0009130000000000001,0.039397,0.0052840000000000005
11130,-0.003047,0.038344,0.004202
11131,-0.005176,0.037294,0.002052
11132,-0.00409,0.041552,0.002055
11133,-0.0030280000000000003,0.041544,0.00313
11134,-0.0008939999999999999,0.041536000000000003,0.003145
11135,-0.0040950000000000005,0.040486,0.0020559999999999997
11136,-0.003047,0.038344,0.004202
11137,0.000153,0.037271,0.0031579999999999998
11138,-0.000909,0.03834,0.003149
11139,-0.00198,0.03834,0.00421
11140,-0.000918,0.037271,0.004219
11141,-0.000923,0.036206,0.004220000000000001
11142,-0.000923,0.036206,0.004220000000000001
11143,-0.0009130000000000001,0.037275,0.003151
11144,-0.0019850000000000002,0.036213999999999996,0.003144
11145,-0.0019760000000000003,0.037283,0.002075
11146,-0.0019760000000000003,0.038344,0.0031420000000000003
11147,-0.0041,0.039421,0.0020570000000000002
11148,-0.0008990000000000001,0.040471,0.003147
11149,-0.0019760000000000003,0.038344,0.0031420000000000003
11150,-0.0019760000000000003,0.038344,0.0031420000000000003
11151,-0.0008990000000000001,0.03941,0.0020800000000000003
11152,-0.003042,0.039409,0.004201
11153,-0.004109000000000001,0.038352,0.003127
11154,-0.0008849999999999999,0.042606,0.002076
11155,0.000182,0.042602,0.0020829999999999998
11156,0.001187,0.034055,0.007442
11157,0.000125,0.034063,0.006367
11158,0.001191,0.034059,0.006374
11159,0.002268,0.037247,0.0074459999999999995
11160,0.0033439999999999998,0.037252,0.0053170000000000005
11161,0.002282,0.036199,0.0031739999999999997
11162,0.000149,0.037267,0.004226
11163,-0.00198,0.039401,0.0052770000000000004
11164,-0.0019760000000000003,0.039405,0.004209
11165,-0.005176,0.038355,0.0031190000000000002
11166,-0.005171,0.038360000000000005,0.0020510000000000003
11167,-0.001966,0.040475,0.003139
11168,-0.000904,0.038345,0.002081
11169,-0.001966,0.039414,0.002072
11170,-0.001966,0.039414,0.002072
11171,-0.000909,0.03834,0.003149
11172,0.00016299999999999998,0.039402,0.0031550000000000003
11173,-0.0030280000000000003,0.040483,0.0020629999999999997
11174,-0.003018,0.041552,0.0009939999999999999
11175,-0.00409,0.041552,0.002055
11176,-0.001947,0.042614,0.001
11177,-0.003023,0.042608999999999994,0.003129
11178,-0.005152,0.043682,0.003113
11179,-0.003009,0.043683,0.000991
11180,-0.003009,0.043683,0.000991
11181,-0.004065999999999999,0.044756,-8.6e-05
11182,-0.002999,0.045813,0.000989
11183,-0.005138,0.044755,0.000975
11184,-0.0062,0.044763,-0.000101
11185,-0.005123,0.044768,-0.00223
11186,-0.005138,0.043694,-9.2e-05
11187,-0.006224,0.04262,0.003107
11188,-0.005118999999999999,0.046895,-0.001164
11189,-0.004028,0.050095,-0.003297
11190,-0.001947,0.042614,0.001
11191,-0.006219,0.042624,0.002038
11192,-0.001952,0.044732,0.004202
11193,-0.001956,0.043666,0.004203
11194,-0.001947,0.043675,0.0020670000000000003
11195,-0.003009,0.042622,-7.6e-05
11196,-0.002994,0.045818,-8e-05
11197,-0.0051329999999999995,0.04476,-9.300000000000001e-05
11198,-0.004071,0.043691,-8.4e-05
11199,-0.007276,0.042637,-0.000105
11200,-0.007276,0.042637,-0.000105
11201,-0.0072569999999999996,0.046898,-0.00011100000000000001
11202,-0.007238,0.049037,-0.00225
11203,-0.010429,0.051177999999999994,-0.002275
11204,-0.013596,0.058647000000000005,-0.002307
11205,-0.015696,0.06080599999999999,-0.007665000000000001
11206,-0.011424,0.060795,-0.008703
11207,-0.008228000000000001,0.05971900000000001,-0.00868
11208,-0.009309,0.056527,-0.008683
11209,-0.008256999999999999,0.055449,-0.0065379999999999995
11210,-0.010419,0.053309,-0.002278
11211,-0.010429,0.052239999999999995,-0.001208
11212,-0.010439,0.050109,-0.0012050000000000001
11213,-0.009376,0.050101,-0.00013000000000000002
11214,-0.005118999999999999,0.046895,-0.001164
11215,-0.005118999999999999,0.045834,-0.002231
11216,-0.005118999999999999,0.046895,-0.001164
11217,-0.009381,0.047975,-0.0011949999999999999
11218,-0.006181,0.049025,-0.000106
11219,-0.005128,0.045825,-9.499999999999999e-05
11220,-0.005118999999999999,0.044773,-0.0032979999999999997
11221,-0.005085,0.051168,-0.004374
11222,-0.004061,0.04476,-0.0011539999999999999
11223,-0.006233,0.04049,0.003109
11224,-0.005157,0.043677,0.004181
11225,-0.0008939999999999999,0.042597,0.004212
11226,0.000197,0.045798,0.002079
11227,-0.001923,0.045818,-0.00114
11228,-0.004061,0.04476,-0.0011539999999999999
11229,-0.007262,0.044771,-0.001176
11230,-0.004079999999999999,0.043682,0.002052
11231,-0.005157,0.040494,0.00098
11232,-0.006205,0.042637,-0.001166
11233,-0.006214,0.042629,0.0009699999999999999
11234,-0.006205,0.043698,-9.9e-05
11235,-0.003018,0.040491,-7.3e-05
11236,-0.001966,0.039414,0.002072
11237,-0.001966,0.040475,0.003139
11238,-0.0030329999999999997,0.039417,0.002065
11239,-0.000909,0.037279,0.002082
11240,0.002268,0.034064,0.0042450000000000005
11241,0.0022489999999999997,0.030864,0.0053170000000000005
11242,0.002234,0.029789999999999997,0.007455
11243,0.001172,0.030858999999999998,0.0074459999999999995
11244,0.000105,0.030862999999999998,0.007439
11245,0.0022440000000000003,0.030860000000000002,0.006385
11246,0.003296,0.028720999999999997,0.007464
11247,0.004368,0.029782999999999997,0.00747
11248,0.001172,0.029798,0.006379
11249,0.0033060000000000003,0.030851999999999997,0.007461
11250,9.1e-05,0.028727999999999997,0.00851
11251,0.0033350000000000003,0.03406,0.004253
11252,0.000139,0.034076,0.0031620000000000003
11253,0.001139,0.024463,0.008522
11254,0.004335,0.02657,0.011747
11255,0.0064540000000000005,0.025488999999999998,0.013899000000000002
11256,0.007526000000000001,0.025488999999999998,0.012838999999999998
11257,0.008612,0.027624,0.010707
11258,0.005425,0.026587,0.006412999999999999
11259,0.003296,0.02766,0.006397
11260,0.003282,0.025525,0.007468000000000001
11261,0.007529999999999999,0.023371,0.009637
11262,0.00432,0.021252,0.009617
11263,0.003268,0.024452,0.009604999999999999
11264,-0.000976,0.028732,0.008502
11265,0.0011769999999999999,0.029802,0.005311
11266,0.001172,0.029798,0.006379
11267,0.003296,0.028720999999999997,0.007464
11268,0.004368,0.028722,0.006403
11269,0.004354,0.026587,0.007474
11270,0.001168,0.028732999999999998,0.006381
11271,0.001153,0.027658999999999996,0.008518000000000001
11272,0.0022199999999999998,0.026594,0.007459
11273,0.001163,0.027668,0.006382
11274,0.001158,0.027663,0.00745
11275,0.002239,0.029794,0.0063869999999999994
11276,0.004368,0.030844,0.008537000000000001
11277,0.0033060000000000003,0.030851999999999997,0.007461
11278,0.0022489999999999997,0.031925,0.006384
11279,0.00011999999999999999,0.032998,0.006368
11280,-0.002014,0.031944,0.005286
11281,0.000153,0.038332,0.004225
11282,0.002292,0.038329,0.003172
11283,0.004359,0.029774000000000002,0.009606
11284,0.0032920000000000002,0.029778,0.009599
11285,0.006478,0.026570999999999997,0.009625
11286,0.0054210000000000005,0.028705,0.009615
11287,0.0033159999999999995,0.032982,0.007458
11288,0.002268,0.036186,0.006379
11289,0.000129,0.036189,0.007431999999999999
11290,0.002273,0.03619,0.005311
11291,0.001196,0.035124,0.006372999999999999
11292,-0.0009369999999999999,0.034071,0.005291
11293,-0.002,0.03514,0.005282
11294,-0.0041140000000000005,0.038347000000000006,0.004195
11295,-0.0040950000000000005,0.040486,0.0020559999999999997
11296,-0.004085,0.041556,0.000986
11297,-0.004085,0.041556,0.000986
11298,-0.004076,0.042625,-8.3e-05
11299,-0.0041,0.038360000000000005,0.00099
11300,-0.001956,0.038361,-0.001131
11301,-0.005147,0.040503,-0.0011560000000000001
11302,-0.005157,0.039432999999999996,-8.7e-05
11303,-0.007295,0.038376,-0.0001
11304,-0.006243,0.035176,-8.9e-05
11305,-0.00199,0.034087,0.002079
11306,0.002258,0.035116,0.007448000000000001
11307,0.005454,0.036162,0.009606
11308,0.004416,0.037252,0.004256
11309,0.002273,0.034068,0.003177
11310,-0.0009369999999999999,0.031949,0.003157
11311,0.000168,0.038345,0.0010199999999999999
11312,0.002287,0.038325,0.00424
11313,0.000105,0.032985,0.009572
11314,-0.002023,0.032997000000000005,0.008489
11315,0.000105,0.031924,0.008506
11316,0.0033159999999999995,0.032982,0.007458
11317,0.005464,0.034049,0.005336
11318,0.004397,0.035113,0.0063950000000000005
11319,0.0033299999999999996,0.035117,0.0063880000000000004
11320,0.004386999999999999,0.034044,0.007465
11321,0.0033200000000000005,0.032986,0.00639
11322,0.001172,0.030858999999999998,0.0074459999999999995
11323,-0.003081,0.034069999999999996,0.007412
11324,0.000129,0.03725,0.008499
11325,0.001196,0.038307,0.009573
11326,0.000153,0.040454000000000004,0.006359
11327,0.001215,0.038324000000000004,0.0053
11328,0.000149,0.038327999999999994,0.005293
11329,0.000144,0.037263,0.005294
11330,0.000168,0.040467,0.003154
11331,0.00015800000000000002,0.039398,0.004224
11332,-0.0030329999999999997,0.039417,0.002065
11333,-0.003047,0.037283,0.003136
11334,-0.003062,0.03727,0.00634
11335,-0.001995,0.036205,0.005281
11336,-0.001995,0.036205,0.005281
11337,-0.001971,0.038348,0.002074
11338,-0.0008939999999999999,0.039414,0.001011
11339,-0.001961,0.040479,0.002071
11340,-0.005176,0.038355,0.0031190000000000002
11341,-0.0019320000000000001,0.043688,-0.0011380000000000001
11342,0.000168,0.039406000000000004,0.0020870000000000003
11343,-0.003071,0.035139,0.006343
11344,-0.002,0.034079000000000005,0.004215
11345,-0.0020039999999999997,0.034075,0.0052829999999999995
11346,0.000139,0.036198,0.005296
11347,-0.0009130000000000001,0.038336,0.004217
11348,-0.000904,0.038345,0.002081
11349,-0.0008990000000000001,0.038349,0.001013
11350,-0.000904,0.038345,0.002081
11351,-0.0019760000000000003,0.037283,0.002075
11352,-0.005181,0.035168,0.000987
11353,-0.007295,0.040498,0.002034
11354,-0.0030280000000000003,0.041544,0.00313
11355,-0.001971,0.039409,0.00314
11356,-0.003057,0.037274,0.005272
11357,-0.001995,0.037266,0.0063479999999999995
11358,-0.000942,0.034067,0.006359
11359,-0.000923,0.037267,0.005287
11360,-0.0019850000000000002,0.037275,0.004211
11361,-0.0009130000000000001,0.038336,0.004217
11362,0.000144,0.037263,0.005294
11363,-0.000923,0.037267,0.005287
11364,-0.001995,0.036205,0.005281
11365,-0.00199,0.035148,0.003146
11366,0.001215,0.037263,0.004234
11367,-0.000918,0.038332,0.005286
11368,-0.000909,0.039401,0.004215999999999999
11369,-0.001966,0.041536000000000003,0.0042060000000000005
11370,-0.003038,0.040474,0.0042
11371,-0.005186,0.038347000000000006,0.005256
11372,-0.003014,0.042618,0.000993
11373,0.000177,0.041537,0.002084
11374,-0.000942,0.034067,0.006359
11375,-0.0009369999999999999,0.034071,0.005291
11376,0.000139,0.035137,0.004229
11377,0.001206,0.037255,0.006370000000000001
11378,0.0033399999999999997,0.037248,0.006385
11379,0.000149,0.037267,0.004226
11380,-0.000904,0.039406000000000004,0.003148
11381,-0.0009130000000000001,0.038336,0.004217
11382,-0.0041140000000000005,0.037286,0.003128
11383,-0.006243,0.037298000000000005,0.002045
11384,-0.005171,0.039421,0.003118
11385,-0.0030329999999999997,0.041539,0.0041979999999999995
11386,-0.0008939999999999999,0.040475,0.002078
11387,-0.001966,0.039414,0.002072
11388,-0.0009130000000000001,0.038336,0.004217
11389,-0.000923,0.037267,0.005287
11390,-0.000909,0.039401,0.004215999999999999
11391,-0.001966,0.039414,0.002072
11392,-0.000909,0.039401,0.004215999999999999
11393,-0.003057,0.037274,0.005272
11394,-0.001995,0.036205,0.005281
11395,-0.00199,0.03727,0.005279
11396,-0.000918,0.03621,0.003152
11397,-0.0019850000000000002,0.037275,0.004211
11398,-0.001971,0.039409,0.00314
11399,-0.001961,0.040479,0.002071
11400,-0.001971,0.039409,0.00314
11401,-0.003023,0.039425999999999996,-7.2e-05
11402,-0.001961,0.040479,0.002071
11403,-0.005181,0.038350999999999996,0.004188
11404,-0.003038,0.039413,0.003133
11405,0.000192,0.043672,0.0010140000000000001
11406,0.001201,0.035129,0.005304
11407,0.00011999999999999999,0.032998,0.006368
11408,0.002258,0.034055,0.006381
11409,0.001201,0.03619,0.006371
11410,0.002273,0.03619,0.005311
11411,0.0033490000000000004,0.036195,0.003182
11412,0.00016299999999999998,0.038341,0.002088
11413,-0.000909,0.039401,0.004215999999999999
11414,0.000149,0.038327999999999994,0.005293
11415,-0.005181,0.038350999999999996,0.004188
11416,-0.005171,0.039421,0.003118
11417,-0.003038,0.040474,0.0042
11418,-0.001966,0.039414,0.002072
11419,-0.000904,0.038345,0.002081
11420,-0.0008939999999999999,0.041536000000000003,0.003145
11421,-0.0008990000000000001,0.040471,0.003147
11422,-0.001971,0.039409,0.00314
11423,-0.001961,0.040479,0.002071
11424,-0.001966,0.040475,0.003139
11425,-0.004104,0.039417,0.003125
11426,-0.0040950000000000005,0.040486,0.0020559999999999997
11427,-0.004085,0.041556,0.000986
11428,-0.005152,0.042621,0.002046
11429,-0.004079999999999999,0.043682,0.002052
11430,-0.005128,0.044764,-0.001161
11431,-0.005123,0.045829,-0.001163
11432,-0.004057,0.046887,-8.8e-05
11433,-0.004065999999999999,0.044756,-8.6e-05
11434,-0.0051329999999999995,0.045821,0.000974
11435,-0.004065999999999999,0.046877999999999996,0.002048
11436,-0.007281,0.043693,0.00203
11437,-0.007271,0.044763,0.0009599999999999999
11438,-0.0018989999999999999,0.051144,-0.001147
11439,0.000197,0.044737,0.0010119999999999999
11440,-0.00198,0.03834,0.00421
11441,-0.0030329999999999997,0.040478,0.0031320000000000002
11442,-0.000904,0.041527999999999995,0.005282
11443,-0.001952,0.044732,0.004202
11444,-0.0019370000000000001,0.044744,0.000997
11445,-0.001928,0.045814,-7.2e-05
11446,-0.002994,0.045818,-8e-05
11447,-0.002999,0.044752,-7.8e-05
11448,-0.005152,0.042621,0.002046
11449,-0.008338,0.043706,-0.00011399999999999999
11450,-0.007262,0.044771,-0.001176
11451,-0.0051329999999999995,0.04476,-9.300000000000001e-05
11452,-0.004076,0.043686,0.000984
11453,-0.004065999999999999,0.044756,-8.6e-05
11454,-0.003014,0.042618,0.000993
11455,-0.003014,0.042618,0.000993
11456,-0.004076,0.043686,0.000984
11457,-0.005152,0.04156,0.0009789999999999998
11458,-0.001971,0.039409,0.00314
11459,-0.001971,0.039409,0.00314
11460,-0.003038,0.038352,0.002066
11461,-0.003047,0.037283,0.003136
11462,-0.001971,0.038348,0.002074
11463,0.000168,0.039406000000000004,0.0020870000000000003
11464,-0.0009130000000000001,0.037275,0.003151
11465,-0.0019850000000000002,0.036213999999999996,0.003144
11466,0.000153,0.037271,0.0031579999999999998
11467,-0.003047,0.037283,0.003136
11468,-0.002,0.036201,0.0063490000000000005
11469,-0.00199,0.036209,0.004213000000000001
11470,0.00123,0.037276,0.001029
11471,0.002258,0.032994,0.005315
11472,0.002225,0.02766,0.007458
11473,0.0043630000000000006,0.029778,0.008537999999999999
11474,0.007559000000000001,0.028702,0.008562
11475,0.0033060000000000003,0.031913,0.008528
11476,0.0033200000000000005,0.032986,0.00639
11477,0.000134,0.034071,0.004229999999999999
11478,-0.000923,0.036206,0.004220000000000001
11479,0.000134,0.035132,0.005297
11480,-0.002014,0.033005,0.006353
11481,-0.002,0.033018,0.003148
11482,-0.003052,0.036217,0.003137
11483,-0.000909,0.037279,0.002082
11484,-0.000923,0.035144999999999996,0.003153
11485,0.002278,0.036194,0.004242
11486,0.000139,0.036198,0.005296
11487,0.002263,0.035121,0.006379999999999999
11488,-0.0009369999999999999,0.033010000000000005,0.004224
11489,-0.000942,0.033006,0.005292
11490,0.001187,0.032994,0.006375
11491,0.000125,0.033002,0.0053
11492,0.00011999999999999999,0.031937,0.005301
11493,0.000129,0.034067,0.005298
11494,-0.000947,0.034062,0.007427
11495,0.000144,0.036202,0.004228
11496,-0.000918,0.03621,0.003152
11497,-0.001995,0.035144,0.004214
11498,-0.0009130000000000001,0.037275,0.003151
11499,0.000149,0.037267,0.004226
11500,-0.003062,0.035148,0.0042060000000000005
11501,-0.0041140000000000005,0.037286,0.003128
11502,0.000177,0.041537,0.002084
11503,0.002258,0.034055,0.006381
11504,0.002225,0.028720999999999997,0.008525
11505,0.0011769999999999999,0.031924,0.007445
11506,0.0033060000000000003,0.031913,0.008528
11507,0.003325,0.036174,0.008523000000000001
11508,0.002263,0.036182,0.007447
11509,0.001225,0.039394,0.004231
11510,-0.0008990000000000001,0.03941,0.0020800000000000003
11511,-0.000909,0.03834,0.003149
11512,-0.004109000000000001,0.038352,0.003127
11513,-0.006248,0.037294,0.003113
11514,-0.0030329999999999997,0.039417,0.002065
11515,-0.0008990000000000001,0.03941,0.0020800000000000003
11516,-0.000904,0.039406000000000004,0.003148
11517,-0.004109000000000001,0.038352,0.003127
11518,0.000144,0.037263,0.005294
11519,-0.0009130000000000001,0.038336,0.004217
11520,-0.000923,0.037267,0.005287
11521,-0.0019760000000000003,0.038344,0.0031420000000000003
11522,-0.0009130000000000001,0.037275,0.003151
11523,-0.000918,0.03621,0.003152
11524,-0.00198,0.037279,0.003143
11525,-0.00199,0.03727,0.005279
11526,-0.000918,0.037271,0.004219
11527,-0.0019760000000000003,0.038344,0.0031420000000000003
11528,0.00016299999999999998,0.039402,0.0031550000000000003
11529,-0.0009130000000000001,0.037275,0.003151
11530,-0.001971,0.039409,0.00314
11531,-0.000909,0.039401,0.004215999999999999
11532,-0.005186,0.037286,0.004189
11533,-0.001961,0.040479,0.002071
11534,0.000182,0.042602,0.0020829999999999998
11535,0.002254,0.03299,0.006383
11536,-0.000933,0.035136,0.0052899999999999996
11537,0.001191,0.034059,0.006374
11538,0.000129,0.035128,0.006365
11539,0.002273,0.037251,0.006377000000000001
11540,0.002292,0.038329,0.003172
11541,-0.000909,0.03834,0.003149
11542,-0.0009130000000000001,0.037275,0.003151
11543,-0.000918,0.038332,0.005286
11544,-0.0041140000000000005,0.037286,0.003128
11545,-0.0041,0.039421,0.0020570000000000002
11546,-0.001966,0.040475,0.003139
11547,0.000168,0.039406000000000004,0.0020870000000000003
11548,-0.003038,0.038352,0.002066
11549,-0.003047,0.038344,0.004202
11550,-0.000918,0.038332,0.005286
11551,-0.000918,0.037271,0.004219
11552,-0.003047,0.038344,0.004202
11553,-0.003042,0.038348,0.003134
11554,-0.0019850000000000002,0.036213999999999996,0.003144
11555,-0.003057,0.036213,0.0042049999999999995
11556,0.000144,0.036202,0.004228
11557,-0.000923,0.036206,0.004220000000000001
11558,-0.0009130000000000001,0.038336,0.004217
11559,-0.000904,0.038345,0.002081
11560,-0.0019760000000000003,0.038344,0.0031420000000000003
11561,-0.0019760000000000003,0.038344,0.0031420000000000003
11562,-0.001956,0.042605000000000004,0.003136
11563,-0.003038,0.040474,0.0042
11564,-0.006243,0.038359,0.003112
11565,-0.000875,0.042614,-6.1e-05
11566,0.0012439999999999999,0.040472,0.001025
11567,0.0022440000000000003,0.032982,0.008519
11568,-0.000933,0.035136,0.0052899999999999996
11569,-0.000933,0.035136,0.0052899999999999996
11570,0.001215,0.038324000000000004,0.0053
11571,0.00015800000000000002,0.039398,0.004224
11572,-0.001956,0.041544,0.00207
11573,-0.007281,0.044754,0.0030960000000000002
11574,-0.008334000000000001,0.049014999999999996,0.004152
11575,-0.013644,0.053299,0.003041
11576,-0.018935,0.058661000000000005,-0.001276
11577,-0.018921,0.061857,-0.00128
11578,-0.016787,0.060788,-0.002332
11579,-0.013609999999999999,0.057573,-0.000169
11580,-0.00829,0.055419,0.0009390000000000001
11581,-0.0030280000000000003,0.044726999999999996,0.006331
11582,0.00011999999999999999,0.036181,0.009568
11583,0.000129,0.036189,0.007431999999999999
11584,0.00015800000000000002,0.039398,0.004224
11585,0.000149,0.038327999999999994,0.005293
11586,-0.000947,0.035123,0.008494
11587,-0.0009609999999999999,0.030867000000000002,0.007431
11588,0.002239,0.029794,0.0063869999999999994
11589,0.004372999999999999,0.029787,0.006402
11590,0.004392,0.032987,0.00533
11591,0.002268,0.031942,0.002111
11592,-0.00198,0.035157,0.001009
11593,-0.003052,0.036217,0.003137
11594,-0.000933,0.034075,0.004222999999999999
11595,-0.0009369999999999999,0.035132,0.006358
11596,-0.002038,0.029800999999999998,0.008493
11597,0.001187,0.031932999999999996,0.005308
11598,0.004397,0.034052,0.005328
11599,0.002215,0.028712,0.010661
11600,0.00223,0.030847000000000003,0.009590000000000001
11601,0.004386999999999999,0.031922000000000006,0.005331
11602,0.002258,0.034055,0.006381
11603,0.0033350000000000003,0.035121,0.005319
11604,0.002273,0.03619,0.005311
11605,0.002263,0.032999,0.004246
11606,0.000139,0.034076,0.0031620000000000003
11607,-0.003066,0.035144,0.005275
11608,-0.0041329999999999995,0.034086,0.0042
11609,-0.005186,0.037286,0.004189
11610,-0.0019850000000000002,0.038336,0.005278
11611,0.0012109999999999998,0.036198,0.004235
11612,-0.00199,0.035148,0.003146
11613,-0.000923,0.036206,0.004220000000000001
11614,0.00123,0.038337,0.002096
11615,-0.0019760000000000003,0.038344,0.0031420000000000003
11616,-0.003038,0.038352,0.002066
11617,-0.003042,0.037287,0.0020670000000000003
11618,-0.003038,0.038352,0.002066
11619,-0.003042,0.037287,0.0020670000000000003
11620,-0.003062,0.035148,0.0042060000000000005
11621,-0.002,0.03514,0.005282
11622,0.000144,0.035141000000000006,0.0031609999999999997
11623,-0.00198,0.037279,0.003143
11624,-0.001966,0.039414,0.002072
11625,-0.00198,0.037279,0.003143
11626,-0.0008990000000000001,0.038349,0.001013
11627,-0.0008990000000000001,0.040471,0.003147
11628,-0.003042,0.039409,0.004201
11629,-0.0041140000000000005,0.038347000000000006,0.004195
11630,0.00018700000000000002,0.042606,0.001015
11631,0.000177,0.040476,0.001018
11632,-0.000942,0.033006,0.005292
11633,0.000134,0.035132,0.005297
11634,0.002273,0.03619,0.005311
11635,0.002273,0.037251,0.006377000000000001
11636,0.0033399999999999997,0.036187000000000004,0.005318
11637,0.00122,0.037268,0.003165
11638,0.000153,0.037271,0.0031579999999999998
11639,-0.000918,0.037271,0.004219
11640,-0.00198,0.03834,0.00421
11641,-0.005167000000000001,0.039425,0.00205
11642,-0.0040950000000000005,0.040486,0.0020559999999999997
11643,-0.0008939999999999999,0.040475,0.002078
11644,0.00016299999999999998,0.038341,0.002088
11645,-0.001971,0.038348,0.002074
11646,-0.0019760000000000003,0.039405,0.004209
11647,0.000168,0.039406000000000004,0.0020870000000000003
11648,0.000168,0.039406000000000004,0.0020870000000000003
11649,-0.003038,0.039413,0.003133
11650,-0.00198,0.03834,0.00421
11651,-0.0019850000000000002,0.037275,0.004211
11652,-0.0019850000000000002,0.036213999999999996,0.003144
11653,-0.002,0.03514,0.005282
11654,0.001215,0.036202,0.003167
11655,0.00016299999999999998,0.039402,0.0031550000000000003
11656,-0.001961,0.040479,0.002071
11657,-0.001971,0.039409,0.00314
11658,-0.000904,0.039406000000000004,0.003148
11659,-0.0030329999999999997,0.039417,0.002065
11660,-0.001961,0.040479,0.002071
11661,-0.001971,0.039409,0.00314
11662,-0.004118999999999999,0.037282,0.004196
11663,0.0012490000000000001,0.041537,0.001024
11664,0.001239,0.041529,0.00316
11665,0.001182,0.031929,0.006377000000000001
11666,0.000129,0.034067,0.005298
11667,0.000125,0.034063,0.006367
11668,0.0012109999999999998,0.037259,0.005302
11669,0.00122,0.037268,0.003165
11670,0.00016299999999999998,0.038341,0.002088
11671,-0.001961,0.040479,0.002071
11672,-0.001956,0.042605000000000004,0.003136
11673,-0.00409,0.042613,0.003121
11674,-0.008338,0.043706,-0.00011399999999999999
11675,-0.00619,0.046894,-0.000103
11676,-0.006185,0.046898,-0.001172
11677,-0.0029850000000000002,0.046887,-0.001149
11678,-0.005128,0.044764,-0.001161
11679,-0.005128,0.045825,-9.499999999999999e-05
11680,-0.004071,0.043691,-8.4e-05
11681,-0.0051329999999999995,0.04476,-9.300000000000001e-05
11682,-0.007248,0.046906,-0.002247
11683,-0.005123,0.04689,-9.6e-05
11684,-0.005138,0.043694,-9.2e-05
11685,-0.007267,0.044767,-0.00010800000000000001
11686,-0.006209,0.043694,0.0009689999999999999
11687,-0.0051329999999999995,0.045821,0.000974
11688,-0.006195,0.045829,-0.000102
11689,-0.005118999999999999,0.046895,-0.001164
11690,-0.006181,0.046903,-0.00224
11691,-0.005123,0.045829,-0.001163
11692,-0.007252,0.046902,-0.001179
11693,-0.005128,0.045825,-9.499999999999999e-05
11694,-0.008338,0.044767,0.000953
11695,-0.005118999999999999,0.046895,-0.001164
11696,-0.004028,0.051156,-0.00223
11697,-0.005152,0.04156,0.0009789999999999998
11698,-0.005157,0.041555,0.0020469999999999998
11699,-0.001956,0.043666,0.004203
11700,-0.0008849999999999999,0.043667000000000004,0.003143
11701,-0.0008699999999999999,0.044741,0.001005
11702,-0.003009,0.043683,0.000991
11703,-0.00299,0.046883,-8.1e-05
11704,-0.005123,0.045829,-0.001163
11705,-0.004071,0.044752,0.000982
11706,-0.007281,0.042631999999999996,0.0009630000000000001
11707,-0.005128,0.044764,-0.001161
11708,-0.006195,0.045829,-0.000102
11709,-0.005123,0.045829,-0.001163
11710,-0.008329000000000001,0.045836,-0.000117
11711,-0.006195,0.044768,-0.001169
11712,-0.002999,0.044752,-7.8e-05
11713,-0.004065999999999999,0.044756,-8.6e-05
11714,-0.006209,0.043694,0.0009689999999999999
11715,-0.004076,0.043686,0.000984
11716,-0.004085,0.042617,0.002053
11717,-0.00409,0.040491,0.0009880000000000002
11718,-0.00409,0.041552,0.002055
11719,-0.001966,0.040475,0.003139
11720,-0.001971,0.038348,0.002074
11721,0.002278,0.035133,0.003176
11722,0.000144,0.036202,0.004228
11723,0.000134,0.035132,0.005297
11724,-0.000942,0.034067,0.006359
11725,0.000125,0.034063,0.006367
11726,0.00122,0.037268,0.003165
11727,0.00011,0.030867000000000002,0.006371
11728,0.001139,0.025524,0.009589
11729,0.005406,0.027631,0.011753
11730,0.006483,0.027636,0.009623999999999999
11731,0.006497,0.029771,0.008553
11732,0.006511,0.030844999999999997,0.0064150000000000006
11733,0.002258,0.031932999999999996,0.004248
11734,0.001187,0.031932999999999996,0.005308
11735,0.00011,0.031928,0.007437
11736,-0.0009710000000000001,0.029797000000000004,0.008501
11737,-0.0031,0.029809,0.007418000000000001
11738,0.000125,0.033002,0.0053
11739,0.000125,0.031941000000000004,0.004233
11740,0.000129,0.034067,0.005298
11741,-0.003066,0.034082999999999995,0.004208
11742,0.0033299999999999996,0.034056,0.005321
11743,0.0033200000000000005,0.032986,0.00639
11744,0.0022489999999999997,0.031925,0.006384
11745,0.00011999999999999999,0.032998,0.006368
11746,0.0011769999999999999,0.031924,0.007445
11747,0.00011,0.030867000000000002,0.006371
11748,0.000101,0.029798,0.00744
11749,0.000105,0.030862999999999998,0.007439
11750,0.001182,0.03299,0.007444
11751,0.003325,0.032991,0.0053219999999999995
11752,0.0022489999999999997,0.031925,0.006384
11753,0.001196,0.034063,0.005306
11754,0.000125,0.033002,0.0053
11755,-0.003076,0.034074,0.006344
11756,-0.000923,0.036206,0.004220000000000001
11757,0.001215,0.037263,0.004234
11758,0.0032869999999999996,0.029774000000000002,0.010667
11759,0.002225,0.029782,0.009590999999999999
11760,0.006483,0.027636,0.009623999999999999
11761,0.005425,0.028709,0.008546999999999999
11762,0.004372999999999999,0.031909,0.008535
11763,0.003311,0.032978,0.008527
11764,0.001201,0.035129,0.005304
11765,0.002258,0.034055,0.006381
11766,-0.000942,0.034067,0.006359
11767,-0.004157,0.030882,0.006340999999999999
11768,-0.003076,0.031952,0.00421
11769,0.002273,0.035129,0.0042439999999999995
11770,0.004411,0.037248,0.005324000000000001
11771,0.001225,0.041516000000000004,0.006365
11772,-0.003047,0.038344,0.004202
11773,-0.00199,0.036209,0.004213000000000001
11774,0.001201,0.031945999999999995,0.002104
11775,-0.000933,0.034075,0.004222999999999999
11776,-0.001995,0.036205,0.005281
11777,-0.0041140000000000005,0.038347000000000006,0.004195
11778,-0.004104,0.039417,0.003125
11779,-0.0030329999999999997,0.037295,-6.9e-05
11780,-0.0019760000000000003,0.036222000000000004,0.001008
11781,0.00015800000000000002,0.038337,0.003157
11782,0.00015800000000000002,0.039398,0.004224
11783,0.00016299999999999998,0.03728,0.0010220000000000001
11784,-0.000904,0.037284,0.0010140000000000001
11785,-0.000918,0.03621,0.003152
11786,-0.0052049999999999996,0.035147000000000005,0.006328
11787,-0.000889,0.042602,0.003144
11788,0.0033490000000000004,0.038317000000000004,0.005315
11789,0.00011999999999999999,0.034059,0.007435
11790,-0.0020039999999999997,0.033014,0.004217
11791,0.000129,0.031945,0.003165
11792,0.0033350000000000003,0.035121,0.005319
11793,0.0033350000000000003,0.036182,0.006386
11794,0.001206,0.037255,0.006370000000000001
11795,0.000149,0.038327999999999994,0.005293
11796,-0.0009130000000000001,0.036213999999999996,0.002084
11797,-0.00199,0.035148,0.003146
11798,-0.0052049999999999996,0.034086,0.005261
11799,-0.004124,0.038339,0.006331
11800,-0.000909,0.039401,0.004215999999999999
11801,0.002292,0.038329,0.003172
11802,-0.0008990000000000001,0.03941,0.0020800000000000003
11803,-0.0030329999999999997,0.038356,0.000998
11804,-0.0009130000000000001,0.037275,0.003151
11805,-0.0009130000000000001,0.037275,0.003151
11806,-0.003042,0.039409,0.004201
11807,-0.001971,0.039409,0.00314
11808,-0.001971,0.038348,0.002074
11809,-0.0019850000000000002,0.037275,0.004211
11810,-0.003047,0.037283,0.003136
11811,-0.000918,0.03621,0.003152
11812,-0.000909,0.03834,0.003149
11813,-0.0008990000000000001,0.03941,0.0020800000000000003
11814,0.00015800000000000002,0.038337,0.003157
11815,-0.0030280000000000003,0.040483,0.0020629999999999997
11816,-0.004118999999999999,0.039404,0.00633
11817,-0.005181,0.038350999999999996,0.004188
11818,0.000182,0.042602,0.0020829999999999998
11819,0.001239,0.040468000000000004,0.002093
11820,0.00011499999999999999,0.034054,0.008503
11821,-0.003071,0.034078,0.0052759999999999994
11822,0.000144,0.035141000000000006,0.0031609999999999997
11823,0.002263,0.036182,0.007447
11824,0.0033439999999999998,0.038313,0.006384
11825,0.000153,0.038332,0.004225
11826,-0.000909,0.037279,0.002082
11827,-0.00198,0.03834,0.00421
11828,-0.006219,0.044746,0.0041719999999999995
11829,-0.01152,0.051161,0.003059
11830,-0.017883,0.055461,-0.0012640000000000001
11831,-0.011443,0.059717,-0.005497999999999999
11832,-0.006138,0.05330700000000001,-0.005452
11833,-0.006138,0.05330700000000001,-0.005452
11834,-0.006152,0.052233,-0.003315
11835,-0.0072239999999999995,0.050111,-0.004388
11836,-0.008305,0.04798,-0.003324
11837,-0.008319,0.047967,-0.00011999999999999999
11838,-0.007262,0.049014999999999996,0.003091
11839,-0.006209,0.044755,0.002036
11840,-0.005162,0.04049,0.002049
11841,-0.0041,0.039421,0.0020570000000000002
11842,-0.006209,0.043694,0.0009689999999999999
11843,-0.0051329999999999995,0.046882,0.002041
11844,-0.0029850000000000002,0.047948000000000005,-8.2e-05
11845,-0.004047,0.047956,-0.001158
11846,-0.006161,0.050102999999999995,-0.003312
11847,-0.007228,0.050106,-0.003319
11848,-0.010443000000000001,0.047983,-0.002271
11849,-0.01151,0.046925,-0.0033450000000000003
11850,-0.008281,0.05224500000000001,-0.004398
11851,-0.004079999999999999,0.04156,-8.2e-05
11852,-0.0030329999999999997,0.0426,0.005265
11853,-0.0019760000000000003,0.041527,0.006342
11854,0.001235,0.042586,0.005295
11855,0.001239,0.043651,0.005294
11856,0.000177,0.041537,0.002084
11857,-0.003018,0.042613,0.002061
11858,-0.001952,0.043670999999999995,0.003135
11859,-0.003009,0.043683,0.000991
11860,-0.004076,0.043686,0.000984
11861,-0.007271,0.042641000000000005,-0.001174
11862,-0.007252,0.045841,-0.002246
11863,-0.008324,0.04584,-0.001185
11864,-0.008338,0.043706,-0.00011399999999999999
11865,-0.007276,0.043698,0.0009609999999999999
11866,-0.001952,0.04261,0.002068
11867,-0.0030280000000000003,0.040483,0.0020629999999999997
11868,-0.0040950000000000005,0.040486,0.0020559999999999997
11869,-0.0030329999999999997,0.039417,0.002065
11870,-0.000909,0.03834,0.003149
11871,0.000153,0.037271,0.0031579999999999998
11872,-0.00198,0.03834,0.00421
11873,-0.001971,0.039409,0.00314
11874,-0.0008939999999999999,0.041536000000000003,0.003145
11875,-0.001966,0.038353,0.001005
11876,-0.001966,0.039414,0.002072
11877,-0.00409,0.041552,0.002055
11878,-0.006214,0.042629,0.0009699999999999999
11879,-0.005167000000000001,0.041547,0.004184
11880,-0.005157,0.041555,0.0020469999999999998
11881,-0.006205,0.044759,0.000968
11882,-0.0051909999999999994,0.035160000000000004,0.003123
11883,0.000129,0.034067,0.005298
11884,0.0033060000000000003,0.028730000000000002,0.005327
11885,0.007559000000000001,0.02658,0.006428
11886,0.007568999999999999,0.030832,0.008559
11887,0.0033159999999999995,0.032982,0.007458
11888,-0.000947,0.034062,0.007427
11889,0.00011999999999999999,0.032998,0.006368
11890,0.00011,0.029806,0.005304
11891,0.001163,0.028729,0.007449
11892,-0.0020329999999999997,0.028744,0.006358
11893,0.000125,0.033002,0.0053
11894,-0.0020039999999999997,0.033014,0.004217
11895,0.002268,0.034064,0.0042450000000000005
11896,0.000125,0.033002,0.0053
11897,0.0033200000000000005,0.032986,0.00639
11898,0.003311,0.030856,0.006393
11899,0.002234,0.028729,0.0063880000000000004
11900,0.000101,0.028737000000000002,0.006372999999999999
11901,9.6e-05,0.028732,0.007441
11902,0.002225,0.028720999999999997,0.008525
11903,0.001163,0.028729,0.007449
11904,0.002239,0.030855,0.0074540000000000006
11905,0.0033009999999999997,0.030847000000000003,0.008529
11906,0.002239,0.030855,0.0074540000000000006
11907,0.0022489999999999997,0.031925,0.006384
11908,-0.000942,0.033006,0.005292
11909,0.000129,0.033006,0.004231
11910,-0.003071,0.033017000000000005,0.004209
11911,0.000153,0.038332,0.004225
11912,0.007597,0.035102,0.006417
11913,0.0032920000000000002,0.029778,0.009599
11914,0.003282,0.028707999999999997,0.010668
11915,0.0043490000000000004,0.028705,0.010676
11916,0.004344,0.0287,0.011744
11917,0.004368,0.030844,0.008537000000000001
11918,0.001191,0.034059,0.006374
11919,0.000129,0.034067,0.005298
11920,0.000125,0.034063,0.006367
11921,0.001206,0.035133,0.004236
11922,0.001206,0.034072000000000005,0.003169
11923,-0.0009369999999999999,0.033010000000000005,0.004224
11924,0.00015800000000000002,0.037276,0.00209
11925,0.00015800000000000002,0.038337,0.003157
11926,-0.003038,0.040474,0.0042
11927,-0.0019850000000000002,0.037275,0.004211
11928,-0.0009279999999999999,0.036201,0.005288
11929,0.000139,0.036198,0.005296
11930,0.000153,0.038332,0.004225
11931,0.00015800000000000002,0.038337,0.003157
11932,0.000144,0.037263,0.005294
11933,0.002268,0.034064,0.0042450000000000005
11934,-0.000923,0.034083999999999996,0.0020859999999999997
11935,-0.000933,0.034075,0.004222999999999999
11936,0.000139,0.037259,0.006363000000000001
11937,-0.0009130000000000001,0.038336,0.004217
11938,-0.0019850000000000002,0.037275,0.004211
11939,-0.0008990000000000001,0.03941,0.0020800000000000003
11940,0.00016299999999999998,0.040463,0.004222
11941,-0.003047,0.038344,0.004202
11942,-0.003042,0.038348,0.003134
11943,0.00018700000000000002,0.041545,-5.2000000000000004e-05
11944,0.0033350000000000003,0.036182,0.006386
11945,0.0022489999999999997,0.034047,0.008518000000000001
11946,0.0011769999999999999,0.030862999999999998,0.006378
11947,0.003325,0.034052,0.006389
11948,0.003325,0.035113,0.007456
11949,0.002263,0.036182,0.007447
11950,0.000134,0.036193,0.006364
11951,-0.0009279999999999999,0.036201,0.005288
11952,-0.0009130000000000001,0.038336,0.004217
11953,0.000153,0.037271,0.0031579999999999998
11954,-0.004118999999999999,0.037282,0.004196
11955,-0.0062380000000000005,0.038363,0.0020440000000000002
11956,0.00123,0.039398,0.003163
11957,0.001225,0.039394,0.004231
11958,0.00015800000000000002,0.038337,0.003157
11959,-0.003047,0.038344,0.004202
11960,-0.0009130000000000001,0.037275,0.003151
11961,-0.0019850000000000002,0.037275,0.004211
11962,0.000149,0.037267,0.004226
11963,-0.0019850000000000002,0.038336,0.005278
11964,-0.000923,0.037267,0.005287
11965,-0.0009279999999999999,0.036201,0.005288
11966,0.000144,0.036202,0.004228
11967,-0.00198,0.037279,0.003143
11968,0.000149,0.037267,0.004226
11969,-0.000909,0.03834,0.003149
11970,-0.000918,0.037271,0.004219
11971,-0.000909,0.039401,0.004215999999999999
11972,-0.000904,0.038345,0.002081
11973,-0.001971,0.039409,0.00314
11974,-0.0019760000000000003,0.040466,0.005275
11975,-0.004124,0.037278,0.005265
11976,-0.001966,0.040475,0.003139
11977,0.00018700000000000002,0.043667000000000004,0.002082
11978,0.0033350000000000003,0.035121,0.005319
11979,0.000134,0.035132,0.005297
11980,0.000125,0.034063,0.006367
11981,0.001191,0.034059,0.006374
11982,0.0033350000000000003,0.036182,0.006386
11983,0.0012109999999999998,0.036198,0.004235
11984,0.00123,0.038337,0.002096
11985,-0.0009130000000000001,0.039397,0.0052840000000000005
11986,-0.0019760000000000003,0.039405,0.004209
11987,-0.0041140000000000005,0.038347000000000006,0.004195
11988,-0.006253,0.03729,0.004181
11989,-0.004109000000000001,0.039413,0.004194
11990,-0.0008990000000000001,0.040471,0.003147
11991,-0.001971,0.038348,0.002074
11992,-0.001956,0.039422000000000006,-6.4e-05
11993,-0.003042,0.039409,0.004201
11994,-0.000918,0.037271,0.004219
11995,-0.00199,0.036209,0.004213000000000001
11996,-0.003042,0.037287,0.0020670000000000003
11997,-0.0019760000000000003,0.038344,0.0031420000000000003
11998,0.000144,0.036202,0.004228
11999,-0.0009130000000000001,0.037275,0.003151
12000,-0.003047,0.037283,0.003136
12001,-0.000923,0.036206,0.004220000000000001
12002,0.00016299999999999998,0.039402,0.0031550000000000003
12003,-0.000904,0.038345,0.002081
12004,-0.00198,0.037279,0.003143
12005,-0.003042,0.038348,0.003134
12006,-0.00198,0.03834,0.00421
12007,-0.0041140000000000005,0.038347000000000006,0.004195
12008,-0.001971,0.038348,0.002074
12009,-0.0009130000000000001,0.037275,0.003151
12010,0.00016299999999999998,0.039402,0.0031550000000000003
12011,-0.001971,0.04047,0.004207
12012,-0.003052,0.037278,0.004204
12013,-0.001961,0.040479,0.002071
12014,0.000197,0.043676,-5.5e-05
12015,-0.0009279999999999999,0.036201,0.005288
12016,-0.002009,0.035131,0.007418999999999999
12017,0.001191,0.034059,0.006374
12018,0.0033299999999999996,0.036177999999999995,0.0074540000000000006
12019,0.0033439999999999998,0.037252,0.0053170000000000005
12020,0.002278,0.036194,0.004242
12021,0.000153,0.037271,0.0031579999999999998
12022,0.001215,0.037263,0.004234
12023,-0.000909,0.039401,0.004215999999999999
12024,-0.003042,0.038348,0.003134
12025,-0.007315,0.038359,0.004173
12026,-0.0030280000000000003,0.040483,0.0020629999999999997
12027,-0.0008939999999999999,0.040475,0.002078
12028,-0.001961,0.039418,0.001004
12029,-0.0008990000000000001,0.03941,0.0020800000000000003
12030,-0.00198,0.03834,0.00421
12031,-0.000909,0.03834,0.003149
12032,0.00016299999999999998,0.039402,0.0031550000000000003
12033,-0.003042,0.038348,0.003134
12034,-0.003042,0.038348,0.003134
12035,-0.000909,0.039401,0.004215999999999999
12036,-0.0019760000000000003,0.037283,0.002075
12037,-0.0019760000000000003,0.038344,0.0031420000000000003
12038,-0.001971,0.039409,0.00314
12039,-0.0030280000000000003,0.041544,0.00313
12040,-0.001961,0.040479,0.002071
12041,-0.001961,0.040479,0.002071
12042,-0.005167000000000001,0.039425,0.00205
12043,-0.0030280000000000003,0.040483,0.0020629999999999997
12044,-0.004085,0.043677999999999995,0.00312
12045,-0.005162,0.04049,0.002049
12046,-0.003023,0.041548,0.002062
12047,-0.003014,0.042618,0.000993
12048,-0.0019420000000000001,0.044739999999999995,0.002066
12049,-0.00409,0.041552,0.002055
12050,-0.006214,0.042629,0.0009699999999999999
12051,-0.002994,0.045818,-8e-05
12052,0.001239,0.041529,0.00316
12053,-0.001995,0.036205,0.005281
12054,-0.0019850000000000002,0.037275,0.004211
12055,-0.003062,0.03727,0.00634
12056,0.00015800000000000002,0.040458999999999995,0.0052899999999999996
12057,0.002292,0.038329,0.003172
12058,-0.0008990000000000001,0.03941,0.0020800000000000003
12059,-0.001966,0.040475,0.003139
12060,-0.001956,0.040483,0.001003
12061,-0.001966,0.040475,0.003139
12062,-0.007295,0.040498,0.002034
12063,-0.006233,0.041551,0.004176
12064,-0.006224,0.04262,0.003107
12065,-0.005138,0.044755,0.000975
12066,-0.005118999999999999,0.046895,-0.001164
12067,-0.005128,0.046886000000000004,0.0009720000000000001
12068,-0.004065999999999999,0.043695,-0.001153
12069,-0.0030039999999999997,0.043687000000000004,-7.7e-05
12070,-0.005147,0.041564,-8.9e-05
12071,-0.005147,0.043686,0.002045
12072,-0.007276,0.043698,0.0009609999999999999
12073,-0.008334000000000001,0.045832,0.000951
12074,-0.0094,0.044775,-0.000123
12075,-0.006185,0.046898,-0.001172
12076,-0.004057,0.046887,-8.8e-05
12077,-0.005128,0.046886000000000004,0.0009720000000000001
12078,-0.00619,0.047955000000000005,0.000964
12079,-0.008314,0.047971,-0.001188
12080,-0.007248,0.045845,-0.003314
12081,-0.006185,0.046898,-0.001172
12082,-0.0062,0.044763,-0.000101
12083,-0.007267,0.044767,-0.00010800000000000001
12084,-0.006205,0.044759,0.000968
12085,-0.005147,0.044747,0.003111
12086,-0.00619,0.045833,-0.00117
12087,-0.006152,0.051172,-0.004381
12088,-0.005128,0.046886000000000004,0.0009720000000000001
12089,-0.005152,0.042621,0.002046
12090,-0.003023,0.041548,0.002062
12091,-0.001956,0.041544,0.00207
12092,-0.000866,0.047928,0.003137
12093,-0.005138,0.044755,0.000975
12094,-0.0051329999999999995,0.043699,-0.00116
12095,-0.005147,0.041564,-8.9e-05
12096,-0.004079999999999999,0.042621,0.000985
12097,-0.006219,0.041563,0.0009720000000000001
12098,-0.008334000000000001,0.04371,-0.001182
12099,-0.008319,0.045845,-0.0022530000000000002
12100,-0.00831,0.045853,-0.00439
12101,-0.007228,0.049045,-0.004386
12102,-0.004047,0.046895,-0.002225
12103,-0.006185,0.045837,-0.002238
12104,-0.007248,0.047967,-0.00118
12105,-0.009367,0.05223200000000001,-0.000132
12106,-0.010419,0.053309,-0.002278
12107,-0.012543,0.052264,-0.005496
12108,-0.010415,0.052252,-0.004413
12109,-0.010424,0.050122,-0.00441
12110,-0.009337999999999999,0.053318,-0.005475
12111,-0.009333,0.05650499999999999,-0.0033420000000000004
12112,-0.0104,0.054387,-0.005483
12113,-0.008270999999999999,0.052252999999999994,-0.006534000000000001
12114,-0.008286,0.050119,-0.005463
12115,-0.00829,0.050114,-0.0043950000000000005
12116,-0.007243,0.047972,-0.0022489999999999997
12117,-0.008305,0.049041,-0.002257
12118,-0.010409999999999999,0.052257000000000005,-0.005481000000000001
12119,-0.012523999999999999,0.056525,-0.005501
12120,-0.01151,0.047986,-0.002278
12121,-0.00831,0.046914,-0.0033229999999999996
12122,-0.0029850000000000002,0.046887,-0.001149
12123,-0.004018,0.052226,-0.0033
12124,-0.008256999999999999,0.053327,-0.008672
12125,-0.008262,0.05014,-0.010804000000000001
12126,-0.008276,0.048005,-0.009733
12127,-0.009356999999999999,0.045874,-0.00867
12128,-0.010429,0.047994999999999996,-0.005475
12129,-0.013630000000000001,0.046945999999999995,-0.0065650000000000005
12130,-0.013586,0.05335,-0.009777
12131,-0.011453,0.051221,-0.011895999999999999
12132,-0.011433,0.052299,-0.015102
12133,-0.011448,0.052286,-0.011897
12134,-0.013577,0.053359000000000004,-0.011914
12135,-0.012534,0.049089999999999995,-0.010833
12136,-0.009362,0.044808999999999995,-0.008669
12137,-0.009352,0.045877999999999995,-0.009738
12138,-0.010409999999999999,0.048013,-0.009748
12139,-0.010371,0.056535,-0.009759
12140,-0.012505,0.053359000000000004,-0.012974000000000001
12141,-0.0125,0.054424,-0.012976
12142,-0.014629,0.055497000000000005,-0.012991999999999998
12143,-0.011433,0.056542999999999996,-0.010835
12144,-0.011438,0.056538,-0.009766
12145,-0.016744,0.05870499999999999,-0.014079
12146,-0.015696,0.052317999999999996,-0.0162
12147,-0.011457,0.054399,-0.007626999999999999
12148,-0.01252,0.055467999999999996,-0.0076359999999999996
12149,-0.012472,0.066121,-0.0076489999999999995
12150,-0.019949,0.059773,-0.011966
12151,-0.012567,0.040572000000000004,-0.011890000000000001
12152,0.00443,0.036204,-1.4999999999999999e-05
12153,0.006534999999999999,0.037232,0.007475
12154,-0.003057,0.040457,0.008473
12155,-0.001995,0.036205,0.005281
12156,0.002234,0.028729,0.0063880000000000004
12157,0.006506999999999999,0.027657,0.0042829999999999995
12158,0.006406,0.016958,0.016046
12159,0.012697,0.00835,0.032125
12160,0.016931,-0.000183,0.031097000000000003
12161,0.015907,0.003042,0.024676
12162,0.006334,0.007345,0.022466999999999997
12163,0.013831,0.007344,0.016111
12164,0.022323,-0.001212,0.017249
12165,0.01696,0.001964,0.026820999999999998
12166,0.007406,0.015834,0.029942
12167,0.004253,0.016947999999999998,0.020304
12168,0.015931,-0.002242,0.014001
12169,0.029727999999999997,-0.010842000000000001,0.021586
12170,0.024408000000000003,-0.0012619999999999999,0.027946
12171,0.004243,0.015879,0.021374
12172,-0.006344,0.024477000000000002,0.011675
12173,0.0032770000000000004,0.022338,0.005335
12174,0.016003,0.012676,0.012913999999999998
12175,0.019165,0.012631,0.021481999999999998
12176,0.004277,0.022275,0.020298
12177,-0.007391,0.029802,0.012729
12178,-0.0009609999999999999,0.025562,0.002097
12179,0.017166,0.025490000000000002,0.00436
12180,0.016022,0.016937,0.012909
12181,0.004263,0.016957,0.018168
12182,-0.002091,0.026570999999999997,0.017043
12183,0.004291,0.021226,0.016026
12184,0.01174,0.020122,0.019284
12185,0.016003,0.016919999999999998,0.017182
12186,0.012825999999999999,0.020136,0.015019
12187,0.003258,0.023382,0.010675
12188,0.00221,0.025525,0.008529
12189,0.007526000000000001,0.025488999999999998,0.012838999999999998
12190,0.006449,0.023362,0.012834
12191,0.006478,0.026570999999999997,0.009625
12192,9.1e-05,0.028727999999999997,0.00851
12193,-0.0009710000000000001,0.029797000000000004,0.008501
12194,0.004354,0.028709,0.009608
12195,0.004335,0.027631,0.012813999999999999
12196,0.00433,0.026566000000000003,0.012815
12197,0.0054009999999999996,0.025505,0.010687
12198,0.004359,0.027652,0.0074730000000000005
12199,0.004359,0.027652,0.0074730000000000005
12200,0.0043490000000000004,0.026583,0.008542000000000001
12201,0.0054009999999999996,0.023383,0.008554
12202,0.005386999999999999,0.024431,0.012825
12203,0.0064730000000000005,0.027627999999999996,0.01176
12204,0.005411,0.027636,0.010685
12205,0.002225,0.030843000000000002,0.010657999999999999
12206,0.002254,0.035112,0.008517
12207,0.001196,0.036185,0.00744
12208,-0.000947,0.031939999999999996,0.005294
12209,0.0033640000000000002,0.03833,0.002111
12210,0.004406,0.037244,0.006392
12211,0.001168,0.031916,0.009581000000000001
12212,0.001172,0.032981,0.00958
12213,0.004354,0.027648000000000002,0.008541
12214,0.006483,0.029758,0.011758
12215,0.0043630000000000006,0.034022000000000004,0.012806
12216,0.002254,0.035112,0.008517
12217,0.005445,0.030848,0.006408
12218,0.004372999999999999,0.029787,0.006402
12219,0.0033009999999999997,0.028725,0.006396
12220,0.003282,0.028707999999999997,0.010668
12221,-0.002038,0.032984,0.011694
12222,0.002268,0.037247,0.0074459999999999995
12223,0.001191,0.032998,0.005307
12224,0.001187,0.032994,0.006375
12225,0.005454,0.032979,0.006405
12226,0.005445,0.03297,0.008542000000000001
12227,0.0022440000000000003,0.031921,0.007451999999999999
12228,-0.000942,0.034067,0.006359
12229,-0.000933,0.035136,0.0052899999999999996
12230,-0.000933,0.035136,0.0052899999999999996
12231,-0.0009369999999999999,0.034071,0.005291
12232,-0.0009570000000000001,0.031932,0.00743
12233,9.6e-05,0.027670999999999998,0.006375
12234,0.0033009999999999997,0.029786,0.007462000000000001
12235,-0.002014,0.033005,0.006353
12236,-0.006286,0.031955000000000004,0.006324000000000001
12237,-0.008401,0.034101,0.004171
12238,-0.009515000000000001,0.029818,0.010578
12239,-0.016993,0.04469,0.027598
12240,-0.021131,0.08301599999999999,0.037134
12241,-0.005013,0.127625,0.056416999999999995
12242,0.073887,0.14003800000000002,0.080453
12243,0.083762,0.18481,0.064442
12244,0.084016,0.198828,0.021697
12245,0.027415,0.11833900000000001,-0.046962000000000004
12246,-0.010911,0.08777599999999999,-0.096329
12247,0.008293,0.091953,-0.091927
12248,0.038906,0.077762,-0.032943
12249,0.068342,0.049684,0.036733
12250,0.101088,0.022754,0.08292999999999999
12251,0.10634600000000001,0.005691,0.082989
12252,0.06271,-0.016344,0.036779
12253,0.02115,-0.05223,-0.010468
12254,-0.016113,-0.035055,-0.01075
12255,-0.010702,0.006372999999999999,0.013803999999999999
12256,-0.022494999999999998,0.014851,0.035075
12257,0.024452,0.027424,0.047137
12258,0.026724,0.055126,0.043913
12259,0.000139,0.072272,0.041569
12260,-0.037110000000000004,0.06399500000000001,0.012477
12261,-0.053787,0.082441,-0.057097
12262,-0.015063,0.099564,-0.11026
12263,0.021368,0.12504200000000001,-0.119652
12264,-0.010695,0.135713,-0.096389
12265,-0.097149,0.140225,-0.08417999999999999
12266,-0.149263,0.18299300000000002,-0.078189
12267,-0.189674,0.20447,-0.085976
12268,-0.20235699999999998,0.222658,-0.09463400000000001
12269,-0.20970999999999998,0.23551799999999998,-0.107521
12270,-0.237395,0.227174,-0.128
12271,-0.27679699999999996,0.261328,-0.11015899999999999
12272,-0.294006,0.22943400000000003,-0.11130599999999999
12273,-0.269785,0.16859000000000002,-0.10144500000000001
12274,-0.23349699999999998,0.209855,-0.062789
12275,-0.213481,0.162874,-0.052975
12276,-0.23146399999999998,0.186416,-0.063813
12277,-0.26967399999999997,0.212189,-0.082272
12278,-0.254882,0.16638599999999998,-0.095997
12279,-0.24561599999999997,0.07799099999999999,-0.109706
12280,-0.221092,0.07789199999999999,-0.10633
12281,-0.187547,0.044353,-0.0067079999999999996
12282,-0.148706,-0.004092,0.086561
12283,-0.114219,-0.081247,0.170222
12284,-0.169127,-0.12394000000000001,0.23825900000000003
12285,-0.228059,-0.1229,0.29553
12286,-0.17948599999999998,-0.180813,0.350423
12287,-0.20136099999999998,-0.19713,0.453909
12288,-0.280879,-0.281181,0.49618999999999996
12289,-0.341417,-0.21069899999999997,0.5052909999999999
12290,-0.369088,-0.194628,0.506145
12291,-0.298183,-0.277086,0.552679
12292,-0.207673,-0.264824,0.604571
12293,-0.184751,-0.14561,0.608851
12294,-0.185334,-0.06454,0.582037
12295,-0.10681500000000001,-0.018622,0.486387
12296,-0.020119,0.097927,0.303109
12297,-0.010156,0.257256,0.143809
12298,0.09567,0.247521,0.089013
12299,0.20241800000000001,0.194153,0.02253
12300,0.24129499999999998,0.20610799999999999,-0.07015
12301,0.252237,0.210558,-0.126695
12302,0.18946,0.25548899999999997,-0.11971300000000001
